"Date","health_board","CO_GABed_C19","CO_GABed_NonC19","CO_GABed_Spare","CO_GABed_Tot","CO_IVBed_C19","CO_IVBed_NonC19","CO_IVBed_Spare","CO_IVBed_Tot"
2020-04-01,"Betsi Cadwaladr University Health Board",93,656,499,1248,14,5,25,44
2020-04-01,"Hywel Dda University Health Board",68,312,445,825,5,9,32,46
2020-04-01,"Abertawe Bro Morgannwg University Health Board",100,515,423,1038,23,10,58,91
2020-04-01,"Cardiff and Vale University Health Board",158,510,683,1351,19,13,31,63
2020-04-01,"Cwm Taf University Health Board",111,486,353,950,16,7,34,57
2020-04-01,"Aneurin Bevan University Health Board",241,348,524,1113,23,4,2,29
2020-04-01,"Velindre University NHS Trust",11,1,18,30,0,0,0,0
2020-04-01,"Wales",782,2828,2945,6555,100,48,182,330
2020-04-02,"Betsi Cadwaladr University Health Board",68,610,572,1250,17,10,17,44
2020-04-02,"Hywel Dda University Health Board",70,313,449,832,4,6,36,46
2020-04-02,"Abertawe Bro Morgannwg University Health Board",119,536,366,1021,21,13,57,91
2020-04-02,"Cardiff and Vale University Health Board",160,565,620,1345,23,15,17,55
2020-04-02,"Cwm Taf University Health Board",122,492,352,966,18,7,32,57
2020-04-02,"Aneurin Bevan University Health Board",205,345,567,1117,27,0,15,42
2020-04-02,"Velindre University NHS Trust",11,0,19,30,0,0,0,0
2020-04-02,"Wales",755,2861,2945,6561,110,51,174,335
2020-04-03,"Betsi Cadwaladr University Health Board",83,596,569,1248,16,11,19,46
2020-04-03,"Hywel Dda University Health Board",77,285,463,825,3,6,37,46
2020-04-03,"Abertawe Bro Morgannwg University Health Board",129,501,404,1034,20,17,54,91
2020-04-03,"Cardiff and Vale University Health Board",160,511,680,1351,23,17,23,63
2020-04-03,"Cwm Taf University Health Board",124,446,385,955,20,6,31,57
2020-04-03,"Aneurin Bevan University Health Board",216,308,597,1121,28,2,15,45
2020-04-03,"Velindre University NHS Trust",12,1,17,30,0,0,0,0
2020-04-03,"Wales",801,2648,3115,6564,110,59,179,348
2020-04-04,"Betsi Cadwaladr University Health Board",89,600,556,1245,14,21,21,56
2020-04-04,"Hywel Dda University Health Board",62,103,648,813,2,6,35,43
2020-04-04,"Abertawe Bro Morgannwg University Health Board",123,565,257,945,20,15,56,91
2020-04-04,"Cardiff and Vale University Health Board",170,452,729,1351,29,11,23,63
2020-04-04,"Cwm Taf University Health Board",122,371,441,934,24,5,23,52
2020-04-04,"Aneurin Bevan University Health Board",219,294,655,1168,33,2,16,51
2020-04-04,"Velindre University NHS Trust",8,4,18,30,0,0,0,0
2020-04-04,"Wales",793,2389,3304,6486,122,60,174,356
2020-04-05,"Betsi Cadwaladr University Health Board",98,722,336,1156,22,8,27,57
2020-04-05,"Hywel Dda University Health Board",73,141,594,808,3,5,35,43
2020-04-05,"Abertawe Bro Morgannwg University Health Board",155,519,128,802,18,14,59,91
2020-04-05,"Cardiff and Vale University Health Board",162,439,750,1351,29,9,25,63
2020-04-05,"Cwm Taf University Health Board",134,424,378,936,23,4,25,52
2020-04-05,"Aneurin Bevan University Health Board",231,243,654,1128,36,4,11,51
2020-04-05,"Velindre University NHS Trust",6,9,15,30,0,0,0,0
2020-04-05,"Wales",859,2497,2855,6211,131,44,182,357
2020-04-06,"Betsi Cadwaladr University Health Board",98,715,346,1159,18,8,30,56
2020-04-06,"Hywel Dda University Health Board",85,218,525,828,4,4,34,42
2020-04-06,"Abertawe Bro Morgannwg University Health Board",155,398,193,746,20,18,53,91
2020-04-06,"Cardiff and Vale University Health Board",180,456,715,1351,32,13,26,71
2020-04-06,"Cwm Taf University Health Board",156,372,408,936,26,5,21,52
2020-04-06,"Aneurin Bevan University Health Board",226,281,615,1122,37,3,17,57
2020-04-06,"Velindre University NHS Trust",7,5,19,31,0,0,0,0
2020-04-06,"Wales",907,2445,2821,6173,137,51,181,369
2020-04-07,"Betsi Cadwaladr University Health Board",103,615,525,1243,19,10,30,59
2020-04-07,"Hywel Dda University Health Board",84,270,498,852,4,4,38,46
2020-04-07,"Abertawe Bro Morgannwg University Health Board",168,389,73,630,22,18,69,109
2020-04-07,"Cardiff and Vale University Health Board",180,458,705,1343,33,13,25,71
2020-04-07,"Cwm Taf University Health Board",160,373,403,936,29,3,28,60
2020-04-07,"Aneurin Bevan University Health Board",208,284,630,1122,37,5,15,57
2020-04-07,"Velindre University NHS Trust",7,6,17,30,0,0,0,0
2020-04-07,"Wales",910,2395,2851,6156,144,53,205,402
2020-04-08,"Betsi Cadwaladr University Health Board",115,551,580,1246,24,8,30,62
2020-04-08,"Hywel Dda University Health Board",87,272,478,837,4,5,37,46
2020-04-08,"Abertawe Bro Morgannwg University Health Board",184,325,254,763,22,18,69,109
2020-04-08,"Cardiff and Vale University Health Board",200,463,675,1338,33,13,30,76
2020-04-08,"Cwm Taf University Health Board",178,364,417,959,26,3,31,60
2020-04-08,"Aneurin Bevan University Health Board",239,280,621,1140,41,5,11,57
2020-04-08,"Velindre University NHS Trust",7,7,16,30,0,0,0,0
2020-04-08,"Wales",1010,2262,3041,6313,150,52,208,410
2020-04-09,"Betsi Cadwaladr University Health Board",124,536,580,1240,20,12,30,62
2020-04-09,"Hywel Dda University Health Board",90,266,480,836,4,4,38,46
2020-04-09,"Abertawe Bro Morgannwg University Health Board",194,351,222,767,29,14,71,114
2020-04-09,"Cardiff and Vale University Health Board",190,433,714,1337,37,11,27,75
2020-04-09,"Cwm Taf University Health Board",160,359,417,936,27,3,30,60
2020-04-09,"Aneurin Bevan University Health Board",243,264,646,1153,44,5,15,64
2020-04-09,"Velindre University NHS Trust",6,5,19,30,0,0,0,0
2020-04-09,"Wales",1007,2214,3078,6299,161,49,211,421
2020-04-10,"Betsi Cadwaladr University Health Board",135,513,588,1236,18,16,28,62
2020-04-10,"Hywel Dda University Health Board",105,274,443,822,6,3,37,46
2020-04-10,"Abertawe Bro Morgannwg University Health Board",233,362,133,728,26,17,20,63
2020-04-10,"Cardiff and Vale University Health Board",191,427,715,1333,36,11,32,79
2020-04-10,"Cwm Taf University Health Board",156,330,474,960,27,4,29,60
2020-04-10,"Aneurin Bevan University Health Board",246,245,662,1153,40,9,15,64
2020-04-10,"Velindre University NHS Trust",3,5,22,30,0,0,0,0
2020-04-10,"Wales",1069,2156,3037,6262,153,60,161,374
2020-04-11,"Betsi Cadwaladr University Health Board",139,530,567,1236,15,12,35,62
2020-04-11,"Hywel Dda University Health Board",104,285,433,822,5,5,36,46
2020-04-11,"Abertawe Bro Morgannwg University Health Board",180,290,291,761,27,0,36,63
2020-04-11,"Cardiff and Vale University Health Board",210,411,704,1325,32,16,39,87
2020-04-11,"Cwm Taf University Health Board",178,323,431,932,24,4,32,60
2020-04-11,"Aneurin Bevan University Health Board",244,231,678,1153,46,4,14,64
2020-04-11,"Velindre University NHS Trust",4,8,18,30,0,0,0,0
2020-04-11,"Wales",1059,2078,3122,6259,149,41,192,382
2020-04-12,"Betsi Cadwaladr University Health Board",156,541,539,1236,18,11,33,62
2020-04-12,"Hywel Dda University Health Board",101,263,458,822,4,5,37,46
2020-04-12,"Abertawe Bro Morgannwg University Health Board",200,147,440,787,28,16,19,63
2020-04-12,"Cardiff and Vale University Health Board",220,393,712,1325,34,15,38,87
2020-04-12,"Cwm Taf University Health Board",174,320,438,932,27,4,29,60
2020-04-12,"Aneurin Bevan University Health Board",249,240,632,1121,42,6,16,64
2020-04-12,"Velindre University NHS Trust",4,4,22,30,0,0,0,0
2020-04-12,"Wales",1104,1908,3241,6253,153,57,172,382
2020-04-13,"Betsi Cadwaladr University Health Board",143,542,551,1236,20,9,33,62
2020-04-13,"Hywel Dda University Health Board",96,255,471,822,4,8,34,46
2020-04-13,"Abertawe Bro Morgannwg University Health Board",200,307,175,682,27,14,21,62
2020-04-13,"Cardiff and Vale University Health Board",217,388,720,1325,36,14,37,87
2020-04-13,"Cwm Taf University Health Board",170,319,438,927,26,7,27,60
2020-04-13,"Aneurin Bevan University Health Board",203,287,659,1149,42,7,21,70
2020-04-13,"Velindre University NHS Trust",3,6,21,30,0,0,0,0
2020-04-13,"Wales",1032,2104,3035,6171,155,59,173,387
2020-04-14,"Betsi Cadwaladr University Health Board",164,530,527,1221,18,6,38,62
2020-04-14,"Hywel Dda University Health Board",95,231,516,842,4,7,35,46
2020-04-14,"Abertawe Bro Morgannwg University Health Board",199,344,171,714,30,13,20,63
2020-04-14,"Cardiff and Vale University Health Board",206,426,693,1325,34,16,37,87
2020-04-14,"Cwm Taf University Health Board",171,367,390,928,23,6,32,61
2020-04-14,"Aneurin Bevan University Health Board",201,303,647,1151,42,8,20,70
2020-04-14,"Velindre University NHS Trust",4,2,24,30,0,0,0,0
2020-04-14,"Wales",1040,2203,2968,6211,151,56,182,389
2020-04-15,"Betsi Cadwaladr University Health Board",165,545,521,1231,18,5,39,62
2020-04-15,"Hywel Dda University Health Board",96,279,455,830,4,7,35,46
2020-04-15,"Abertawe Bro Morgannwg University Health Board",207,318,183,708,29,11,23,63
2020-04-15,"Cardiff and Vale University Health Board",214,399,705,1318,34,14,46,94
2020-04-15,"Cwm Taf University Health Board",161,355,411,927,24,5,31,60
2020-04-15,"Aneurin Bevan University Health Board",211,289,647,1147,41,8,21,70
2020-04-15,"Velindre University NHS Trust",5,7,18,30,0,0,0,0
2020-04-15,"Wales",1059,2192,2940,6191,150,50,195,395
2020-04-16,"Betsi Cadwaladr University Health Board",169,490,583,1242,18,5,39,62
2020-04-16,"Hywel Dda University Health Board",103,258,499,860,4,6,36,46
2020-04-16,"Abertawe Bro Morgannwg University Health Board",220,147,342,709,31,0,32,63
2020-04-16,"Cardiff and Vale University Health Board",205,396,717,1318,36,15,43,94
2020-04-16,"Cwm Taf University Health Board",156,368,403,927,24,4,32,60
2020-04-16,"Aneurin Bevan University Health Board",212,292,643,1147,42,6,22,70
2020-04-16,"Velindre University NHS Trust",7,10,13,30,0,0,0,0
2020-04-16,"Wales",1072,1961,3200,6233,155,36,204,395
2020-04-17,"Betsi Cadwaladr University Health Board",193,487,557,1237,22,5,35,62
2020-04-17,"Hywel Dda University Health Board",105,281,445,831,4,9,33,46
2020-04-17,"Abertawe Bro Morgannwg University Health Board",198,330,182,710,34,15,14,63
2020-04-17,"Cardiff and Vale University Health Board",203,420,695,1318,34,17,43,94
2020-04-17,"Cwm Taf University Health Board",163,362,402,927,23,5,32,60
2020-04-17,"Aneurin Bevan University Health Board",202,310,633,1145,42,6,22,70
2020-04-17,"Velindre University NHS Trust",4,13,13,30,0,0,0,0
2020-04-17,"Wales",1068,2203,2927,6198,159,57,179,395
2020-04-18,"Betsi Cadwaladr University Health Board",221,517,497,1235,25,9,28,62
2020-04-18,"Hywel Dda University Health Board",103,290,460,853,5,5,36,46
2020-04-18,"Abertawe Bro Morgannwg University Health Board",192,336,188,716,40,2,21,63
2020-04-18,"Cardiff and Vale University Health Board",210,408,700,1318,30,21,43,94
2020-04-18,"Cwm Taf University Health Board",154,331,420,905,23,5,32,60
2020-04-18,"Aneurin Bevan University Health Board",202,292,651,1145,41,4,25,70
2020-04-18,"Velindre University NHS Trust",3,10,17,30,0,0,0,0
2020-04-18,"Wales",1085,2184,2933,6202,164,46,185,395
2020-04-19,"Betsi Cadwaladr University Health Board",208,535,492,1235,24,8,30,62
2020-04-19,"Hywel Dda University Health Board",98,296,459,853,4,5,37,46
2020-04-19,"Abertawe Bro Morgannwg University Health Board",191,334,204,729,29,16,18,63
2020-04-19,"Cardiff and Vale University Health Board",193,430,695,1318,34,17,43,94
2020-04-19,"Cwm Taf University Health Board",146,338,421,905,24,4,32,60
2020-04-19,"Aneurin Bevan University Health Board",203,313,629,1145,38,6,26,70
2020-04-19,"Velindre University NHS Trust",2,7,21,30,0,0,0,0
2020-04-19,"Wales",1041,2253,2921,6215,153,56,186,395
2020-04-20,"Betsi Cadwaladr University Health Board",201,575,460,1236,20,4,38,62
2020-04-20,"Hywel Dda University Health Board",109,285,443,837,3,8,35,46
2020-04-20,"Abertawe Bro Morgannwg University Health Board",196,349,220,765,33,12,18,63
2020-04-20,"Cardiff and Vale University Health Board",186,470,984,1640,33,19,42,94
2020-04-20,"Cwm Taf University Health Board",138,390,377,905,23,5,32,60
2020-04-20,"Aneurin Bevan University Health Board",200,347,624,1171,38,6,26,70
2020-04-20,"Velindre University NHS Trust",2,9,19,30,0,0,0,0
2020-04-20,"Wales",1032,2425,3127,6584,150,54,191,395
2020-04-21,"Betsi Cadwaladr University Health Board",178,549,477,1204,19,6,41,66
2020-04-21,"Hywel Dda University Health Board",96,277,459,832,2,3,39,44
2020-04-21,"Abertawe Bro Morgannwg University Health Board",195,310,279,784,25,20,24,69
2020-04-21,"Cardiff and Vale University Health Board",215,459,966,1640,32,17,45,94
2020-04-21,"Cwm Taf University Health Board",123,408,374,905,19,7,34,60
2020-04-21,"Aneurin Bevan University Health Board",179,382,610,1171,38,6,26,70
2020-04-21,"Velindre University NHS Trust",3,9,18,30,0,0,0,0
2020-04-21,"Wales",989,2394,3183,6566,135,59,209,403
2020-04-22,"Betsi Cadwaladr University Health Board",194,533,477,1204,16,6,44,66
2020-04-22,"Hywel Dda University Health Board",104,273,467,844,3,3,28,34
2020-04-22,"Abertawe Bro Morgannwg University Health Board",191,331,270,792,23,15,31,69
2020-04-22,"Cardiff and Vale University Health Board",193,478,969,1640,32,17,45,94
2020-04-22,"Cwm Taf University Health Board",115,387,403,905,21,6,33,60
2020-04-22,"Aneurin Bevan University Health Board",178,378,606,1162,37,7,26,70
2020-04-22,"Velindre University NHS Trust",1,12,17,30,0,0,0,0
2020-04-22,"Wales",976,2392,3209,6577,132,54,207,393
2020-04-23,"Betsi Cadwaladr University Health Board",273,811,657,1741,19,6,41,66
2020-04-23,"Hywel Dda University Health Board",93,349,540,982,3,4,27,34
2020-04-23,"Abertawe Bro Morgannwg University Health Board",176,296,349,821,20,15,34,69
2020-04-23,"Cardiff and Vale University Health Board",233,527,1046,1806,30,21,43,94
2020-04-23,"Cwm Taf University Health Board",179,523,431,1133,18,4,38,60
2020-04-23,"Aneurin Bevan University Health Board",241,443,776,1460,33,6,31,70
2020-04-23,"Powys Teaching Health Board",12,49,85,146,0,0,0,0
2020-04-23,"Velindre University NHS Trust",2,11,17,30,0,0,0,0
2020-04-23,"Wales",1209,3009,3901,8119,123,56,214,393
2020-04-24,"Betsi Cadwaladr University Health Board",257,852,635,1744,18,8,40,66
2020-04-24,"Hywel Dda University Health Board",99,332,559,990,2,5,18,25
2020-04-24,"Abertawe Bro Morgannwg University Health Board",185,294,344,823,21,13,35,69
2020-04-24,"Cardiff and Vale University Health Board",229,533,1044,1806,28,17,49,94
2020-04-24,"Cwm Taf University Health Board",195,523,411,1129,22,4,34,60
2020-04-24,"Aneurin Bevan University Health Board",208,494,758,1460,28,9,33,70
2020-04-24,"Powys Teaching Health Board",18,45,83,146,0,0,0,0
2020-04-24,"Velindre University NHS Trust",2,13,15,30,0,0,0,0
2020-04-24,"Wales",1193,3086,3849,8128,119,56,209,384
2020-04-25,"Betsi Cadwaladr University Health Board",264,844,604,1712,22,11,33,66
2020-04-25,"Hywel Dda University Health Board",88,331,571,990,5,5,15,25
2020-04-25,"Abertawe Bro Morgannwg University Health Board",175,342,324,841,20,12,37,69
2020-04-25,"Cardiff and Vale University Health Board",250,697,1112,2059,28,18,48,94
2020-04-25,"Cwm Taf University Health Board",171,518,441,1130,21,4,36,61
2020-04-25,"Aneurin Bevan University Health Board",250,418,792,1460,30,9,31,70
2020-04-25,"Powys Teaching Health Board",21,44,81,146,0,0,0,0
2020-04-25,"Velindre University NHS Trust",2,9,19,30,0,0,0,0
2020-04-25,"Wales",1221,3203,3944,8368,126,59,200,385
2020-04-26,"Betsi Cadwaladr University Health Board",282,850,612,1744,17,13,36,66
2020-04-26,"Hywel Dda University Health Board",78,333,579,990,5,7,13,25
2020-04-26,"Abertawe Bro Morgannwg University Health Board",177,361,300,838,19,9,41,69
2020-04-26,"Cardiff and Vale University Health Board",248,685,1126,2059,23,17,54,94
2020-04-26,"Cwm Taf University Health Board",162,553,415,1130,21,3,36,60
2020-04-26,"Aneurin Bevan University Health Board",229,481,750,1460,26,11,33,70
2020-04-26,"Powys Teaching Health Board",22,43,81,146,0,0,0,0
2020-04-26,"Velindre University NHS Trust",3,8,19,30,0,0,0,0
2020-04-26,"Wales",1201,3314,3882,8397,111,60,213,384
2020-04-27,"Betsi Cadwaladr University Health Board",282,861,590,1733,19,8,39,66
2020-04-27,"Hywel Dda University Health Board",79,388,451,918,5,7,13,25
2020-04-27,"Abertawe Bro Morgannwg University Health Board",166,332,324,822,18,13,38,69
2020-04-27,"Cardiff and Vale University Health Board",266,687,1110,2063,19,16,55,90
2020-04-27,"Cwm Taf University Health Board",157,551,422,1130,19,9,32,60
2020-04-27,"Aneurin Bevan University Health Board",232,466,766,1464,25,12,46,83
2020-04-27,"Powys Teaching Health Board",11,58,74,143,0,0,0,0
2020-04-27,"Velindre University NHS Trust",4,5,21,30,0,0,0,0
2020-04-27,"Wales",1197,3348,3758,8303,105,65,223,393
2020-04-28,"Betsi Cadwaladr University Health Board",299,841,609,1749,16,5,45,66
2020-04-28,"Hywel Dda University Health Board",82,373,505,960,7,7,11,25
2020-04-28,"Abertawe Bro Morgannwg University Health Board",153,306,360,819,17,13,39,69
2020-04-28,"Cardiff and Vale University Health Board",251,711,836,1798,19,19,45,83
2020-04-28,"Cwm Taf University Health Board",153,561,416,1130,18,8,34,60
2020-04-28,"Aneurin Bevan University Health Board",213,490,761,1464,30,7,46,83
2020-04-28,"Powys Teaching Health Board",10,59,77,146,0,0,0,0
2020-04-28,"Velindre University NHS Trust",1,7,22,30,0,0,0,0
2020-04-28,"Wales",1162,3348,3586,8096,107,59,220,386
2020-04-29,"Betsi Cadwaladr University Health Board",283,854,613,1750,19,8,39,66
2020-04-29,"Hywel Dda University Health Board",88,370,470,928,5,9,11,25
2020-04-29,"Abertawe Bro Morgannwg University Health Board",147,363,313,823,18,13,38,69
2020-04-29,"Cardiff and Vale University Health Board",259,724,795,1778,17,19,47,83
2020-04-29,"Cwm Taf University Health Board",155,566,386,1107,20,4,35,59
2020-04-29,"Aneurin Bevan University Health Board",191,505,768,1464,22,9,52,83
2020-04-29,"Powys Teaching Health Board",9,62,75,146,0,0,0,0
2020-04-29,"Velindre University NHS Trust",3,8,19,30,0,0,0,0
2020-04-29,"Wales",1135,3452,3439,8026,101,62,222,385
2020-04-30,"Betsi Cadwaladr University Health Board",283,838,631,1752,23,12,26,61
2020-04-30,"Hywel Dda University Health Board",95,375,458,928,4,10,11,25
2020-04-30,"Abertawe Bro Morgannwg University Health Board",158,421,267,846,17,11,41,69
2020-04-30,"Cardiff and Vale University Health Board",250,736,1084,2070,19,19,50,88
2020-04-30,"Cwm Taf University Health Board",164,550,449,1163,17,4,38,59
2020-04-30,"Aneurin Bevan University Health Board",198,472,794,1464,19,9,55,83
2020-04-30,"Powys Teaching Health Board",11,59,76,146,0,0,0,0
2020-04-30,"Velindre University NHS Trust",4,8,18,30,0,0,0,0
2020-04-30,"Wales",1163,3459,3777,8399,99,65,221,385
2020-05-01,"Betsi Cadwaladr University Health Board",291,851,610,1752,22,10,29,61
2020-05-01,"Hywel Dda University Health Board",80,381,418,879,3,10,12,25
2020-05-01,"Abertawe Bro Morgannwg University Health Board",144,412,275,831,19,8,42,69
2020-05-01,"Cardiff and Vale University Health Board",126,843,1101,2070,15,21,52,88
2020-05-01,"Cwm Taf University Health Board",162,569,306,1037,14,5,40,59
2020-05-01,"Aneurin Bevan University Health Board",196,476,792,1464,19,8,56,83
2020-05-01,"Powys Teaching Health Board",10,61,75,146,0,0,0,0
2020-05-01,"Velindre University NHS Trust",3,9,18,30,0,0,0,0
2020-05-01,"Wales",1012,3602,3595,8209,92,62,231,385
2020-05-02,"Betsi Cadwaladr University Health Board",287,864,593,1744,19,12,30,61
2020-05-02,"Hywel Dda University Health Board",82,380,417,879,5,7,13,25
2020-05-02,"Abertawe Bro Morgannwg University Health Board",136,379,316,831,21,8,40,69
2020-05-02,"Cardiff and Vale University Health Board",135,791,1144,2070,16,22,50,88
2020-05-02,"Cwm Taf University Health Board",183,579,275,1037,14,6,39,59
2020-05-02,"Aneurin Bevan University Health Board",190,487,787,1464,18,9,56,83
2020-05-02,"Powys Teaching Health Board",13,61,72,146,0,0,0,0
2020-05-02,"Velindre University NHS Trust",5,7,18,30,0,0,0,0
2020-05-02,"Wales",1031,3548,3622,8201,93,64,228,385
2020-05-03,"Betsi Cadwaladr University Health Board",288,846,607,1741,21,8,37,66
2020-05-03,"Hywel Dda University Health Board",84,400,395,879,4,8,13,25
2020-05-03,"Abertawe Bro Morgannwg University Health Board",135,352,344,831,22,9,38,69
2020-05-03,"Cardiff and Vale University Health Board",99,816,1150,2065,15,26,47,88
2020-05-03,"Cwm Taf University Health Board",150,587,277,1014,14,6,39,59
2020-05-03,"Aneurin Bevan University Health Board",186,490,788,1464,18,9,56,83
2020-05-03,"Powys Teaching Health Board",13,68,65,146,0,0,0,0
2020-05-03,"Velindre University NHS Trust",3,10,17,30,0,0,0,0
2020-05-03,"Wales",958,3569,3643,8170,94,66,230,390
2020-05-04,"Betsi Cadwaladr University Health Board",281,954,512,1747,21,10,35,66
2020-05-04,"Hywel Dda University Health Board",84,469,372,925,3,6,16,25
2020-05-04,"Abertawe Bro Morgannwg University Health Board",133,417,310,860,19,13,37,69
2020-05-04,"Cardiff and Vale University Health Board",125,830,1110,2065,14,28,46,88
2020-05-04,"Cwm Taf University Health Board",152,609,254,1015,15,4,40,59
2020-05-04,"Aneurin Bevan University Health Board",184,561,719,1464,20,9,54,83
2020-05-04,"Powys Teaching Health Board",10,70,66,146,0,0,0,0
2020-05-04,"Velindre University NHS Trust",6,8,16,30,0,0,0,0
2020-05-04,"Wales",975,3918,3359,8252,92,70,228,390
2020-05-05,"Betsi Cadwaladr University Health Board",283,927,542,1752,20,6,40,66
2020-05-05,"Hywel Dda University Health Board",85,459,381,925,3,8,14,25
2020-05-05,"Abertawe Bro Morgannwg University Health Board",123,447,289,859,16,18,35,69
2020-05-05,"Cardiff and Vale University Health Board",126,855,1084,2065,15,23,50,88
2020-05-05,"Cwm Taf University Health Board",174,603,231,1008,13,4,42,59
2020-05-05,"Aneurin Bevan University Health Board",169,545,750,1464,20,8,55,83
2020-05-05,"Powys Teaching Health Board",10,68,68,146,0,0,0,0
2020-05-05,"Velindre University NHS Trust",8,8,14,30,0,0,0,0
2020-05-05,"Wales",978,3912,3359,8249,87,67,236,390
2020-05-06,"Betsi Cadwaladr University Health Board",295,860,599,1754,19,6,41,66
2020-05-06,"Hywel Dda University Health Board",72,456,396,924,2,10,13,25
2020-05-06,"Abertawe Bro Morgannwg University Health Board",115,432,310,857,13,19,37,69
2020-05-06,"Cardiff and Vale University Health Board",120,850,1095,2065,15,24,49,88
2020-05-06,"Cwm Taf University Health Board",162,624,246,1032,13,5,41,59
2020-05-06,"Aneurin Bevan University Health Board",163,556,744,1463,19,10,54,83
2020-05-06,"Powys Teaching Health Board",8,66,72,146,0,0,0,0
2020-05-06,"Velindre University NHS Trust",4,14,12,30,0,0,0,0
2020-05-06,"Wales",939,3858,3474,8271,81,74,235,390
2020-05-07,"Betsi Cadwaladr University Health Board",344,894,507,1745,22,8,36,66
2020-05-07,"Hywel Dda University Health Board",69,479,379,927,3,9,13,25
2020-05-07,"Abertawe Bro Morgannwg University Health Board",92,459,306,857,13,14,42,69
2020-05-07,"Cardiff and Vale University Health Board",110,863,1092,2065,12,24,52,88
2020-05-07,"Cwm Taf University Health Board",157,645,229,1031,14,6,39,59
2020-05-07,"Aneurin Bevan University Health Board",174,546,686,1406,20,7,49,76
2020-05-07,"Powys Teaching Health Board",12,63,71,146,0,0,0,0
2020-05-07,"Velindre University NHS Trust",3,16,11,30,0,0,0,0
2020-05-07,"Wales",961,3965,3281,8207,84,68,231,383
2020-05-08,"Betsi Cadwaladr University Health Board",376,890,501,1767,20,6,40,66
2020-05-08,"Hywel Dda University Health Board",78,417,419,914,2,9,14,25
2020-05-08,"Abertawe Bro Morgannwg University Health Board",82,457,318,857,11,9,49,69
2020-05-08,"Cardiff and Vale University Health Board",109,836,1120,2065,22,16,50,88
2020-05-08,"Cwm Taf University Health Board",180,633,246,1059,15,4,40,59
2020-05-08,"Aneurin Bevan University Health Board",175,526,705,1406,19,5,52,76
2020-05-08,"Powys Teaching Health Board",16,63,67,146,0,0,0,0
2020-05-08,"Velindre University NHS Trust",4,16,10,30,0,0,0,0
2020-05-08,"Wales",1020,3838,3386,8244,89,49,245,383
2020-05-09,"Betsi Cadwaladr University Health Board",348,916,509,1773,14,8,44,66
2020-05-09,"Hywel Dda University Health Board",76,409,435,920,1,8,16,25
2020-05-09,"Abertawe Bro Morgannwg University Health Board",109,465,279,853,11,8,50,69
2020-05-09,"Cardiff and Vale University Health Board",110,833,1122,2065,19,21,48,88
2020-05-09,"Cwm Taf University Health Board",176,600,284,1060,13,4,42,59
2020-05-09,"Aneurin Bevan University Health Board",150,559,697,1406,17,5,54,76
2020-05-09,"Powys Teaching Health Board",15,64,67,146,0,0,0,0
2020-05-09,"Velindre University NHS Trust",4,17,9,30,0,0,0,0
2020-05-09,"Wales",988,3863,3402,8253,75,54,254,383
2020-05-10,"Betsi Cadwaladr University Health Board",326,921,534,1781,18,8,40,66
2020-05-10,"Hywel Dda University Health Board",74,414,436,924,1,9,15,25
2020-05-10,"Abertawe Bro Morgannwg University Health Board",95,492,254,841,12,8,49,69
2020-05-10,"Cardiff and Vale University Health Board",99,870,1096,2065,17,19,52,88
2020-05-10,"Cwm Taf University Health Board",167,638,255,1060,14,0,45,59
2020-05-10,"Aneurin Bevan University Health Board",158,575,673,1406,16,5,55,76
2020-05-10,"Powys Teaching Health Board",13,66,67,146,0,0,0,0
2020-05-10,"Velindre University NHS Trust",3,15,12,30,0,0,0,0
2020-05-10,"Wales",935,3991,3327,8253,78,49,256,383
2020-05-11,"Betsi Cadwaladr University Health Board",300,962,503,1765,17,9,40,66
2020-05-11,"Hywel Dda University Health Board",77,495,355,927,3,9,14,26
2020-05-11,"Abertawe Bro Morgannwg University Health Board",91,527,223,841,12,10,27,49
2020-05-11,"Cardiff and Vale University Health Board",88,892,1085,2065,14,21,53,88
2020-05-11,"Cwm Taf University Health Board",163,639,272,1074,14,3,42,59
2020-05-11,"Aneurin Bevan University Health Board",153,622,631,1406,16,4,56,76
2020-05-11,"Powys Teaching Health Board",15,66,65,146,0,0,0,0
2020-05-11,"Velindre University NHS Trust",2,15,13,30,0,0,0,0
2020-05-11,"Wales",889,4218,3147,8254,76,56,232,364
2020-05-12,"Betsi Cadwaladr University Health Board",309,943,524,1776,15,10,41,66
2020-05-12,"Hywel Dda University Health Board",78,505,381,964,6,6,14,26
2020-05-12,"Abertawe Bro Morgannwg University Health Board",74,518,279,871,11,12,26,49
2020-05-12,"Cardiff and Vale University Health Board",102,879,1084,2065,14,18,56,88
2020-05-12,"Cwm Taf University Health Board",154,651,269,1074,12,4,43,59
2020-05-12,"Aneurin Bevan University Health Board",155,592,630,1377,14,5,57,76
2020-05-12,"Powys Teaching Health Board",18,62,61,141,0,0,0,0
2020-05-12,"Velindre University NHS Trust",2,15,13,30,0,0,0,0
2020-05-12,"Wales",892,4165,3241,8298,72,55,237,364
2020-05-13,"Betsi Cadwaladr University Health Board",258,857,520,1635,15,9,42,66
2020-05-13,"Hywel Dda University Health Board",65,508,390,963,5,7,13,25
2020-05-13,"Abertawe Bro Morgannwg University Health Board",59,519,277,855,10,10,29,49
2020-05-13,"Cardiff and Vale University Health Board",96,900,1069,2065,12,18,58,88
2020-05-13,"Cwm Taf University Health Board",174,638,262,1074,12,4,43,59
2020-05-13,"Aneurin Bevan University Health Board",141,591,645,1377,12,5,59,76
2020-05-13,"Powys Teaching Health Board",18,64,58,140,0,0,0,0
2020-05-13,"Velindre University NHS Trust",2,17,11,30,0,0,0,0
2020-05-13,"Wales",813,4094,3232,8139,66,53,244,363
2020-05-14,"Betsi Cadwaladr University Health Board",295,913,561,1769,13,9,44,66
2020-05-14,"Hywel Dda University Health Board",56,514,343,913,5,8,13,26
2020-05-14,"Abertawe Bro Morgannwg University Health Board",55,550,270,875,12,10,27,49
2020-05-14,"Cardiff and Vale University Health Board",103,893,1069,2065,10,20,58,88
2020-05-14,"Cwm Taf University Health Board",172,645,257,1074,12,5,42,59
2020-05-14,"Aneurin Bevan University Health Board",126,600,651,1377,17,3,56,76
2020-05-14,"Powys Teaching Health Board",18,62,60,140,0,0,0,0
2020-05-14,"Velindre University NHS Trust",1,12,17,30,0,0,0,0
2020-05-14,"Wales",826,4189,3228,8243,69,55,240,364
2020-05-15,"Betsi Cadwaladr University Health Board",310,893,568,1771,14,9,43,66
2020-05-15,"Hywel Dda University Health Board",51,542,318,911,1,11,13,25
2020-05-15,"Abertawe Bro Morgannwg University Health Board",46,522,276,844,10,11,28,49
2020-05-15,"Cardiff and Vale University Health Board",86,928,1051,2065,8,22,58,88
2020-05-15,"Cwm Taf University Health Board",148,644,282,1074,11,4,44,59
2020-05-15,"Aneurin Bevan University Health Board",124,573,680,1377,12,6,58,76
2020-05-15,"Powys Teaching Health Board",17,65,59,141,0,0,0,0
2020-05-15,"Velindre University NHS Trust",3,13,14,30,0,0,0,0
2020-05-15,"Wales",785,4180,3248,8213,56,63,244,363
2020-05-16,"Betsi Cadwaladr University Health Board",311,929,529,1769,24,15,27,66
2020-05-16,"Hywel Dda University Health Board",41,539,312,892,0,10,15,25
2020-05-16,"Abertawe Bro Morgannwg University Health Board",51,503,292,846,9,11,29,49
2020-05-16,"Cardiff and Vale University Health Board",99,867,1099,2065,8,25,55,88
2020-05-16,"Cwm Taf University Health Board",157,666,237,1060,10,9,40,59
2020-05-16,"Aneurin Bevan University Health Board",132,586,659,1377,11,7,58,76
2020-05-16,"Powys Teaching Health Board",14,69,58,141,0,0,0,0
2020-05-16,"Velindre University NHS Trust",1,15,14,30,0,0,0,0
2020-05-16,"Wales",806,4174,3200,8180,62,77,224,363
2020-05-17,"Betsi Cadwaladr University Health Board",322,931,512,1765,16,16,34,66
2020-05-17,"Hywel Dda University Health Board",46,523,323,892,0,10,15,25
2020-05-17,"Abertawe Bro Morgannwg University Health Board",52,503,314,869,10,13,26,49
2020-05-17,"Cardiff and Vale University Health Board",80,899,1086,2065,8,27,53,88
2020-05-17,"Cwm Taf University Health Board",149,685,226,1060,11,11,37,59
2020-05-17,"Aneurin Bevan University Health Board",123,616,638,1377,15,3,58,76
2020-05-17,"Powys Teaching Health Board",15,70,56,141,0,0,0,0
2020-05-17,"Velindre University NHS Trust",1,13,16,30,0,0,0,0
2020-05-17,"Wales",788,4240,3171,8199,60,80,223,363
2020-05-18,"Betsi Cadwaladr University Health Board",304,967,542,1813,18,12,36,66
2020-05-18,"Hywel Dda University Health Board",46,533,328,907,0,12,13,25
2020-05-18,"Abertawe Bro Morgannwg University Health Board",55,507,305,867,7,18,21,46
2020-05-18,"Cardiff and Vale University Health Board",77,950,1038,2065,9,29,50,88
2020-05-18,"Cwm Taf University Health Board",141,699,220,1060,12,7,40,59
2020-05-18,"Aneurin Bevan University Health Board",123,661,593,1377,13,8,55,76
2020-05-18,"Powys Teaching Health Board",12,73,57,142,0,0,0,0
2020-05-18,"Velindre University NHS Trust",3,12,15,30,0,0,0,0
2020-05-18,"Wales",761,4402,3098,8261,59,86,215,360
2020-05-19,"Betsi Cadwaladr University Health Board",328,970,508,1806,17,11,34,62
2020-05-19,"Hywel Dda University Health Board",46,526,324,896,3,8,14,25
2020-05-19,"Abertawe Bro Morgannwg University Health Board",46,518,305,869,8,16,22,46
2020-05-19,"Cardiff and Vale University Health Board",96,928,1041,2065,11,29,48,88
2020-05-19,"Cwm Taf University Health Board",181,671,232,1084,12,9,30,51
2020-05-19,"Aneurin Bevan University Health Board",111,651,615,1377,13,8,55,76
2020-05-19,"Powys Teaching Health Board",12,66,64,142,0,0,0,0
2020-05-19,"Velindre University NHS Trust",4,11,15,30,0,0,0,0
2020-05-19,"Wales",824,4341,3104,8269,64,81,203,348
2020-05-20,"Betsi Cadwaladr University Health Board",316,927,557,1800,13,9,39,61
2020-05-20,"Hywel Dda University Health Board",35,531,328,894,2,9,14,25
2020-05-20,"Abertawe Bro Morgannwg University Health Board",24,548,297,869,7,16,23,46
2020-05-20,"Cardiff and Vale University Health Board",103,928,1034,2065,12,31,55,98
2020-05-20,"Cwm Taf University Health Board",185,661,238,1084,9,13,29,51
2020-05-20,"Aneurin Bevan University Health Board",116,635,626,1377,12,8,56,76
2020-05-20,"Powys Teaching Health Board",10,71,61,142,0,0,0,0
2020-05-20,"Velindre University NHS Trust",4,13,13,30,0,0,0,0
2020-05-20,"Wales",793,4314,3154,8261,55,86,216,357
2020-05-21,"Betsi Cadwaladr University Health Board",315,930,572,1817,19,9,33,61
2020-05-21,"Hywel Dda University Health Board",38,526,326,890,1,9,15,25
2020-05-21,"Abertawe Bro Morgannwg University Health Board",51,542,276,869,6,11,29,46
2020-05-21,"Cardiff and Vale University Health Board",121,892,1042,2055,9,33,56,98
2020-05-21,"Cwm Taf University Health Board",171,678,235,1084,9,10,32,51
2020-05-21,"Aneurin Bevan University Health Board",120,625,632,1377,13,6,57,76
2020-05-21,"Powys Teaching Health Board",8,74,60,142,0,0,0,0
2020-05-21,"Velindre University NHS Trust",3,15,12,30,0,0,0,0
2020-05-21,"Wales",827,4282,3155,8264,57,78,222,357
2020-05-22,"Betsi Cadwaladr University Health Board",318,940,554,1812,17,8,36,61
2020-05-22,"Hywel Dda University Health Board",39,489,355,883,2,8,15,25
2020-05-22,"Abertawe Bro Morgannwg University Health Board",54,499,316,869,8,12,26,46
2020-05-22,"Cardiff and Vale University Health Board",241,771,1043,2055,10,31,57,98
2020-05-22,"Cwm Taf University Health Board",178,662,232,1072,7,13,31,51
2020-05-22,"Aneurin Bevan University Health Board",114,633,630,1377,14,4,58,76
2020-05-22,"Powys Teaching Health Board",7,71,62,140,0,0,0,0
2020-05-22,"Velindre University NHS Trust",6,12,12,30,0,0,0,0
2020-05-22,"Wales",957,4077,3204,8238,58,76,223,357
2020-05-23,"Betsi Cadwaladr University Health Board",340,955,511,1806,13,10,43,66
2020-05-23,"Hywel Dda University Health Board",46,500,335,881,3,9,13,25
2020-05-23,"Abertawe Bro Morgannwg University Health Board",49,484,294,827,11,11,24,46
2020-05-23,"Cardiff and Vale University Health Board",216,766,1073,2055,12,26,60,98
2020-05-23,"Cwm Taf University Health Board",199,674,211,1084,6,14,35,55
2020-05-23,"Aneurin Bevan University Health Board",121,611,645,1377,13,4,59,76
2020-05-23,"Powys Teaching Health Board",8,73,59,140,0,0,0,0
2020-05-23,"Velindre University NHS Trust",6,13,11,30,0,0,0,0
2020-05-23,"Wales",985,4076,3139,8200,58,74,234,366
2020-05-24,"Betsi Cadwaladr University Health Board",301,981,523,1805,10,10,41,61
2020-05-24,"Hywel Dda University Health Board",40,512,314,866,1,9,15,25
2020-05-24,"Abertawe Bro Morgannwg University Health Board",34,519,299,852,10,15,13,38
2020-05-24,"Cardiff and Vale University Health Board",220,772,1063,2055,10,27,61,98
2020-05-24,"Cwm Taf University Health Board",170,696,218,1084,7,13,35,55
2020-05-24,"Aneurin Bevan University Health Board",122,622,633,1377,14,7,55,76
2020-05-24,"Powys Teaching Health Board",8,74,58,140,0,0,0,0
2020-05-24,"Velindre University NHS Trust",3,11,16,30,0,0,0,0
2020-05-24,"Wales",898,4187,3124,8209,52,81,220,353
2020-05-25,"Betsi Cadwaladr University Health Board",290,1003,517,1810,12,10,37,59
2020-05-25,"Hywel Dda University Health Board",36,534,305,875,2,9,14,25
2020-05-25,"Abertawe Bro Morgannwg University Health Board",29,541,283,853,6,16,16,38
2020-05-25,"Cardiff and Vale University Health Board",212,811,1032,2055,11,23,64,98
2020-05-25,"Cwm Taf University Health Board",157,697,214,1068,7,13,35,55
2020-05-25,"Aneurin Bevan University Health Board",105,671,601,1377,9,6,61,76
2020-05-25,"Powys Teaching Health Board",7,75,58,140,0,0,0,0
2020-05-25,"Velindre University NHS Trust",0,16,14,30,0,0,0,0
2020-05-25,"Wales",836,4348,3024,8208,47,77,227,351
2020-05-26,"Betsi Cadwaladr University Health Board",301,999,480,1780,7,16,36,59
2020-05-26,"Hywel Dda University Health Board",40,598,276,914,4,6,15,25
2020-05-26,"Abertawe Bro Morgannwg University Health Board",70,525,261,856,6,14,18,38
2020-05-26,"Cardiff and Vale University Health Board",240,832,983,2055,15,25,58,98
2020-05-26,"Cwm Taf University Health Board",201,745,204,1150,9,12,34,55
2020-05-26,"Aneurin Bevan University Health Board",104,701,572,1377,10,3,63,76
2020-05-26,"Powys Teaching Health Board",9,72,59,140,0,0,0,0
2020-05-26,"Velindre University NHS Trust",1,15,14,30,0,0,0,0
2020-05-26,"Wales",966,4487,2849,8302,51,76,224,351
2020-05-27,"Betsi Cadwaladr University Health Board",291,1027,468,1786,7,19,36,62
2020-05-27,"Hywel Dda University Health Board",39,630,258,927,3,9,13,25
2020-05-27,"Abertawe Bro Morgannwg University Health Board",81,526,230,837,7,14,17,38
2020-05-27,"Cardiff and Vale University Health Board",238,835,982,2055,9,30,59,98
2020-05-27,"Cwm Taf University Health Board",217,745,183,1145,8,13,34,55
2020-05-27,"Aneurin Bevan University Health Board",112,706,559,1377,10,4,62,76
2020-05-27,"Powys Teaching Health Board",5,70,71,146,0,0,0,0
2020-05-27,"Velindre University NHS Trust",4,11,18,33,0,0,0,0
2020-05-27,"Wales",987,4550,2769,8306,44,89,221,354
2020-05-28,"Betsi Cadwaladr University Health Board",317,1030,467,1814,10,13,37,60
2020-05-28,"Hywel Dda University Health Board",36,620,283,939,3,9,13,25
2020-05-28,"Abertawe Bro Morgannwg University Health Board",72,526,243,841,7,27,4,38
2020-05-28,"Cardiff and Vale University Health Board",243,841,971,2055,10,28,60,98
2020-05-28,"Cwm Taf University Health Board",237,728,175,1140,8,11,36,55
2020-05-28,"Aneurin Bevan University Health Board",104,682,591,1377,8,5,63,76
2020-05-28,"Powys Teaching Health Board",7,70,69,146,0,0,0,0
2020-05-28,"Velindre University NHS Trust",1,13,16,30,0,0,0,0
2020-05-28,"Wales",1017,4510,2815,8342,46,93,213,352
2020-05-29,"Betsi Cadwaladr University Health Board",300,1058,423,1781,11,12,37,60
2020-05-29,"Hywel Dda University Health Board",29,610,285,924,5,3,17,25
2020-05-29,"Abertawe Bro Morgannwg University Health Board",89,543,209,841,6,22,15,43
2020-05-29,"Cardiff and Vale University Health Board",240,853,962,2055,9,30,59,98
2020-05-29,"Cwm Taf University Health Board",209,725,220,1154,8,13,34,55
2020-05-29,"Aneurin Bevan University Health Board",106,671,600,1377,6,9,61,76
2020-05-29,"Powys Teaching Health Board",9,68,69,146,0,0,0,0
2020-05-29,"Velindre University NHS Trust",2,13,15,30,0,0,0,0
2020-05-29,"Wales",984,4541,2783,8308,45,89,223,357
2020-05-30,"Betsi Cadwaladr University Health Board",319,990,468,1777,12,14,35,61
2020-05-30,"Hywel Dda University Health Board",33,577,315,925,3,7,15,25
2020-05-30,"Abertawe Bro Morgannwg University Health Board",91,562,188,841,5,21,20,46
2020-05-30,"Cardiff and Vale University Health Board",241,821,993,2055,7,34,57,98
2020-05-30,"Cwm Taf University Health Board",207,726,223,1156,6,10,39,55
2020-05-30,"Aneurin Bevan University Health Board",102,649,626,1377,6,9,61,76
2020-05-30,"Powys Teaching Health Board",6,72,68,146,0,0,0,0
2020-05-30,"Velindre University NHS Trust",0,20,10,30,0,0,0,0
2020-05-30,"Wales",999,4417,2891,8307,39,95,227,361
2020-05-31,"Betsi Cadwaladr University Health Board",304,987,495,1786,10,20,36,66
2020-05-31,"Hywel Dda University Health Board",23,589,313,925,4,7,14,25
2020-05-31,"Abertawe Bro Morgannwg University Health Board",72,558,214,844,5,23,18,46
2020-05-31,"Cardiff and Vale University Health Board",242,821,992,2055,9,31,58,98
2020-05-31,"Cwm Taf University Health Board",200,748,210,1158,7,11,37,55
2020-05-31,"Aneurin Bevan University Health Board",92,685,600,1377,7,7,62,76
2020-05-31,"Powys Teaching Health Board",7,75,64,146,0,0,0,0
2020-05-31,"Velindre University NHS Trust",0,13,17,30,0,0,0,0
2020-05-31,"Wales",940,4476,2905,8321,42,99,225,366
2020-06-01,"Betsi Cadwaladr University Health Board",308,1013,476,1797,8,16,34,58
2020-06-01,"Hywel Dda University Health Board",40,608,276,924,2,6,17,25
2020-06-01,"Abertawe Bro Morgannwg University Health Board",67,588,189,844,6,28,12,46
2020-06-01,"Cardiff and Vale University Health Board",230,893,932,2055,7,34,57,98
2020-06-01,"Cwm Taf University Health Board",194,764,188,1146,6,13,36,55
2020-06-01,"Aneurin Bevan University Health Board",93,741,543,1377,8,5,63,76
2020-06-01,"Powys Teaching Health Board",18,64,64,146,0,0,0,0
2020-06-01,"Velindre University NHS Trust",0,17,13,30,0,0,0,0
2020-06-01,"Wales",950,4688,2681,8319,37,102,219,358
2020-06-02,"Betsi Cadwaladr University Health Board",338,1059,389,1786,8,16,37,61
2020-06-02,"Hywel Dda University Health Board",25,651,248,924,3,5,17,25
2020-06-02,"Abertawe Bro Morgannwg University Health Board",58,557,229,844,6,19,21,46
2020-06-02,"Cardiff and Vale University Health Board",261,888,569,1718,11,33,49,93
2020-06-02,"Cwm Taf University Health Board",203,718,219,1140,8,12,35,55
2020-06-02,"Aneurin Bevan University Health Board",95,745,537,1377,8,7,61,76
2020-06-02,"Powys Teaching Health Board",19,59,68,146,0,0,0,0
2020-06-02,"Velindre University NHS Trust",2,19,9,30,0,0,0,0
2020-06-02,"Wales",1001,4696,2268,7965,44,92,220,356
2020-06-03,"Betsi Cadwaladr University Health Board",314,1109,374,1797,9,17,35,61
2020-06-03,"Hywel Dda University Health Board",39,663,251,953,4,8,13,25
2020-06-03,"Abertawe Bro Morgannwg University Health Board",62,566,216,844,6,27,13,46
2020-06-03,"Cardiff and Vale University Health Board",233,879,606,1718,9,32,52,93
2020-06-03,"Cwm Taf University Health Board",202,664,304,1170,6,12,37,55
2020-06-03,"Aneurin Bevan University Health Board",122,723,532,1377,8,8,60,76
2020-06-03,"Powys Teaching Health Board",13,63,70,146,0,0,0,0
2020-06-03,"Velindre University NHS Trust",3,19,8,30,0,0,0,0
2020-06-03,"Wales",988,4686,2361,8035,42,104,210,356
2020-06-04,"Betsi Cadwaladr University Health Board",356,1076,359,1791,13,11,37,61
2020-06-04,"Hywel Dda University Health Board",23,676,251,950,3,9,13,25
2020-06-04,"Abertawe Bro Morgannwg University Health Board",72,552,233,857,7,17,22,46
2020-06-04,"Cardiff and Vale University Health Board",242,871,605,1718,7,32,54,93
2020-06-04,"Cwm Taf University Health Board",184,720,282,1186,4,11,40,55
2020-06-04,"Aneurin Bevan University Health Board",131,691,555,1377,8,8,60,76
2020-06-04,"Powys Teaching Health Board",15,57,74,146,0,0,0,0
2020-06-04,"Velindre University NHS Trust",9,17,4,30,0,0,0,0
2020-06-04,"Wales",1032,4660,2363,8055,42,88,226,356
2020-06-05,"Betsi Cadwaladr University Health Board",352,1036,396,1784,8,18,35,61
2020-06-05,"Hywel Dda University Health Board",32,666,252,950,4,7,14,25
2020-06-05,"Abertawe Bro Morgannwg University Health Board",83,535,223,841,11,16,19,46
2020-06-05,"Cardiff and Vale University Health Board",226,893,599,1718,9,29,55,93
2020-06-05,"Cwm Taf University Health Board",163,707,324,1194,7,11,37,55
2020-06-05,"Aneurin Bevan University Health Board",109,726,542,1377,5,13,58,76
2020-06-05,"Powys Teaching Health Board",14,62,70,146,0,0,0,0
2020-06-05,"Velindre University NHS Trust",1,26,3,30,0,0,0,0
2020-06-05,"Wales",980,4651,2409,8040,44,94,218,356
2020-06-06,"Betsi Cadwaladr University Health Board",351,997,439,1787,6,18,33,57
2020-06-06,"Hywel Dda University Health Board",42,663,233,938,4,7,14,25
2020-06-06,"Abertawe Bro Morgannwg University Health Board",99,497,235,831,7,18,21,46
2020-06-06,"Cardiff and Vale University Health Board",226,873,619,1718,10,32,51,93
2020-06-06,"Cwm Taf University Health Board",179,674,321,1174,4,14,37,55
2020-06-06,"Aneurin Bevan University Health Board",125,693,559,1377,10,8,58,76
2020-06-06,"Powys Teaching Health Board",14,66,66,146,0,0,0,0
2020-06-06,"Velindre University NHS Trust",2,19,9,30,0,0,0,0
2020-06-06,"Wales",1038,4482,2481,8001,41,97,214,352
2020-06-07,"Betsi Cadwaladr University Health Board",293,1029,457,1779,8,16,33,57
2020-06-07,"Hywel Dda University Health Board",41,675,223,939,5,12,8,25
2020-06-07,"Abertawe Bro Morgannwg University Health Board",80,522,229,831,5,19,22,46
2020-06-07,"Cardiff and Vale University Health Board",197,906,615,1718,9,31,53,93
2020-06-07,"Cwm Taf University Health Board",175,703,315,1193,4,11,40,55
2020-06-07,"Aneurin Bevan University Health Board",128,710,539,1377,7,9,60,76
2020-06-07,"Powys Teaching Health Board",15,64,67,146,0,0,0,0
2020-06-07,"Velindre University NHS Trust",0,15,15,30,0,0,0,0
2020-06-07,"Wales",929,4624,2460,8013,38,98,216,352
2020-06-08,"Betsi Cadwaladr University Health Board",284,1091,414,1789,9,14,34,57
2020-06-08,"Hywel Dda University Health Board",44,654,260,958,3,14,8,25
2020-06-08,"Abertawe Bro Morgannwg University Health Board",43,600,194,837,5,18,23,46
2020-06-08,"Cardiff and Vale University Health Board",200,924,629,1753,10,32,37,79
2020-06-08,"Cwm Taf University Health Board",161,775,226,1162,4,12,35,51
2020-06-08,"Aneurin Bevan University Health Board",102,778,497,1377,7,8,61,76
2020-06-08,"Powys Teaching Health Board",15,63,68,146,0,0,0,0
2020-06-08,"Velindre University NHS Trust",0,14,16,30,0,0,0,0
2020-06-08,"Wales",849,4899,2304,8052,38,98,198,334
2020-06-09,"Betsi Cadwaladr University Health Board",295,1091,389,1775,9,14,35,58
2020-06-09,"Hywel Dda University Health Board",32,662,267,961,3,12,10,25
2020-06-09,"Abertawe Bro Morgannwg University Health Board",46,616,176,838,4,20,22,46
2020-06-09,"Cardiff and Vale University Health Board",205,899,649,1753,13,29,37,79
2020-06-09,"Cwm Taf University Health Board",171,767,225,1163,4,13,34,51
2020-06-09,"Aneurin Bevan University Health Board",83,795,499,1377,7,9,60,76
2020-06-09,"Powys Teaching Health Board",16,64,66,146,0,0,0,0
2020-06-09,"Velindre University NHS Trust",1,13,16,30,0,0,0,0
2020-06-09,"Wales",849,4907,2287,8043,40,97,198,335
2020-06-10,"Betsi Cadwaladr University Health Board",294,1106,370,1770,6,23,29,58
2020-06-10,"Hywel Dda University Health Board",31,687,240,958,3,11,11,25
2020-06-10,"Abertawe Bro Morgannwg University Health Board",40,616,181,837,5,17,24,46
2020-06-10,"Cardiff and Vale University Health Board",191,899,663,1753,9,34,36,79
2020-06-10,"Cwm Taf University Health Board",171,741,258,1170,3,11,37,51
2020-06-10,"Aneurin Bevan University Health Board",96,716,565,1377,6,12,58,76
2020-06-10,"Powys Teaching Health Board",14,64,68,146,0,0,0,0
2020-06-10,"Velindre University NHS Trust",0,16,14,30,0,0,0,0
2020-06-10,"Wales",837,4845,2359,8041,32,108,195,335
2020-06-11,"Betsi Cadwaladr University Health Board",286,1123,359,1768,7,20,30,57
2020-06-11,"Hywel Dda University Health Board",48,651,246,945,2,12,11,25
2020-06-11,"Abertawe Bro Morgannwg University Health Board",38,622,177,837,6,18,22,46
2020-06-11,"Cardiff and Vale University Health Board",216,873,664,1753,9,34,36,79
2020-06-11,"Cwm Taf University Health Board",148,763,285,1196,1,13,37,51
2020-06-11,"Aneurin Bevan University Health Board",106,721,550,1377,4,14,58,76
2020-06-11,"Powys Teaching Health Board",14,67,65,146,0,0,0,0
2020-06-11,"Velindre University NHS Trust",1,17,12,30,0,0,0,0
2020-06-11,"Wales",857,4837,2358,8052,29,111,194,334
2020-06-12,"Betsi Cadwaladr University Health Board",300,1072,407,1779,7,21,29,57
2020-06-12,"Hywel Dda University Health Board",41,660,249,950,2,12,11,25
2020-06-12,"Abertawe Bro Morgannwg University Health Board",44,639,159,842,4,18,24,46
2020-06-12,"Cardiff and Vale University Health Board",227,861,665,1753,9,33,37,79
2020-06-12,"Cwm Taf University Health Board",148,740,298,1186,4,9,38,51
2020-06-12,"Aneurin Bevan University Health Board",60,789,528,1377,3,16,57,76
2020-06-12,"Powys Teaching Health Board",15,65,66,146,0,0,0,0
2020-06-12,"Velindre University NHS Trust",0,18,12,30,0,0,0,0
2020-06-12,"Wales",835,4844,2384,8063,29,109,196,334
2020-06-13,"Betsi Cadwaladr University Health Board",297,1069,420,1786,7,16,38,61
2020-06-13,"Hywel Dda University Health Board",46,672,229,947,3,10,12,25
2020-06-13,"Abertawe Bro Morgannwg University Health Board",43,607,203,853,5,19,19,43
2020-06-13,"Cardiff and Vale University Health Board",247,825,681,1753,9,30,40,79
2020-06-13,"Cwm Taf University Health Board",142,741,303,1186,1,13,37,51
2020-06-13,"Aneurin Bevan University Health Board",74,767,536,1377,2,13,61,76
2020-06-13,"Powys Teaching Health Board",18,67,61,146,0,0,0,0
2020-06-13,"Velindre University NHS Trust",0,22,8,30,0,0,0,0
2020-06-13,"Wales",867,4770,2441,8078,27,101,207,335
2020-06-14,"Betsi Cadwaladr University Health Board",279,1072,423,1774,8,15,38,61
2020-06-14,"Hywel Dda University Health Board",54,665,228,947,7,10,8,25
2020-06-14,"Abertawe Bro Morgannwg University Health Board",40,628,185,853,5,19,19,43
2020-06-14,"Cardiff and Vale University Health Board",198,868,687,1753,7,28,44,79
2020-06-14,"Cwm Taf University Health Board",127,736,323,1186,2,12,37,51
2020-06-14,"Aneurin Bevan University Health Board",74,783,520,1377,2,13,61,76
2020-06-14,"Powys Teaching Health Board",17,67,62,146,0,0,0,0
2020-06-14,"Velindre University NHS Trust",0,22,8,30,0,0,0,0
2020-06-14,"Wales",789,4841,2436,8066,31,97,207,335
2020-06-15,"Betsi Cadwaladr University Health Board",267,1107,401,1775,8,19,30,57
2020-06-15,"Hywel Dda University Health Board",40,679,228,947,5,11,9,25
2020-06-15,"Abertawe Bro Morgannwg University Health Board",38,640,125,803,5,20,4,29
2020-06-15,"Cardiff and Vale University Health Board",232,872,649,1753,9,28,42,79
2020-06-15,"Cwm Taf University Health Board",131,832,190,1153,7,10,34,51
2020-06-15,"Aneurin Bevan University Health Board",50,849,478,1377,2,11,19,32
2020-06-15,"Powys Teaching Health Board",13,70,63,146,0,0,0,0
2020-06-15,"Velindre University NHS Trust",0,24,6,30,0,0,0,0
2020-06-15,"Wales",771,5073,2140,7984,36,99,138,273
2020-06-16,"Betsi Cadwaladr University Health Board",273,1115,381,1769,8,19,30,57
2020-06-16,"Hywel Dda University Health Board",33,698,231,962,4,9,12,25
2020-06-16,"Abertawe Bro Morgannwg University Health Board",39,636,128,803,5,19,5,29
2020-06-16,"Cardiff and Vale University Health Board",233,883,315,1431,6,31,42,79
2020-06-16,"Cwm Taf University Health Board",137,838,183,1158,3,13,35,51
2020-06-16,"Aneurin Bevan University Health Board",70,835,472,1377,3,11,18,32
2020-06-16,"Powys Teaching Health Board",13,73,60,146,0,0,0,0
2020-06-16,"Velindre University NHS Trust",2,19,9,30,0,0,0,0
2020-06-16,"Wales",800,5097,1779,7676,29,102,142,273
2020-06-17,"Betsi Cadwaladr University Health Board",272,1158,345,1775,10,15,32,57
2020-06-17,"Hywel Dda University Health Board",35,659,268,962,3,10,12,25
2020-06-17,"Abertawe Bro Morgannwg University Health Board",39,641,123,803,5,20,4,29
2020-06-17,"Cardiff and Vale University Health Board",219,895,317,1431,7,29,43,79
2020-06-17,"Cwm Taf University Health Board",128,845,185,1158,3,12,36,51
2020-06-17,"Aneurin Bevan University Health Board",80,849,448,1377,5,13,14,32
2020-06-17,"Powys Teaching Health Board",12,78,56,146,0,0,0,0
2020-06-17,"Velindre University NHS Trust",4,17,9,30,0,0,0,0
2020-06-17,"Wales",789,5142,1751,7682,33,99,141,273
2020-06-18,"Betsi Cadwaladr University Health Board",250,1154,334,1738,6,20,31,57
2020-06-18,"Hywel Dda University Health Board",35,665,263,963,3,10,12,25
2020-06-18,"Abertawe Bro Morgannwg University Health Board",29,644,145,818,5,20,4,29
2020-06-18,"Cardiff and Vale University Health Board",236,892,303,1431,6,31,42,79
2020-06-18,"Cwm Taf University Health Board",114,862,173,1149,4,11,25,40
2020-06-18,"Aneurin Bevan University Health Board",93,844,440,1377,5,13,14,32
2020-06-18,"Powys Teaching Health Board",11,81,54,146,0,0,0,0
2020-06-18,"Velindre University NHS Trust",0,18,12,30,0,0,0,0
2020-06-18,"Wales",768,5160,1724,7652,29,105,128,262
2020-06-19,"Betsi Cadwaladr University Health Board",258,1165,352,1775,5,20,32,57
2020-06-19,"Hywel Dda University Health Board",39,665,259,963,3,11,11,25
2020-06-19,"Abertawe Bro Morgannwg University Health Board",33,645,136,814,4,21,4,29
2020-06-19,"Cardiff and Vale University Health Board",216,909,306,1431,8,27,44,79
2020-06-19,"Cwm Taf University Health Board",120,849,188,1157,3,12,25,40
2020-06-19,"Aneurin Bevan University Health Board",90,856,431,1377,4,12,16,32
2020-06-19,"Powys Teaching Health Board",16,78,52,146,0,0,0,0
2020-06-19,"Velindre University NHS Trust",1,24,5,30,0,0,0,0
2020-06-19,"Wales",773,5191,1729,7693,27,103,132,262
2020-06-20,"Betsi Cadwaladr University Health Board",230,1218,314,1762,8,17,32,57
2020-06-20,"Hywel Dda University Health Board",26,671,261,958,1,11,13,25
2020-06-20,"Abertawe Bro Morgannwg University Health Board",41,662,116,819,4,21,4,29
2020-06-20,"Cardiff and Vale University Health Board",216,878,337,1431,11,28,40,79
2020-06-20,"Cwm Taf University Health Board",94,884,189,1167,3,14,23,40
2020-06-20,"Aneurin Bevan University Health Board",89,811,477,1377,6,18,8,32
2020-06-20,"Powys Teaching Health Board",16,80,50,146,0,0,0,0
2020-06-20,"Velindre University NHS Trust",0,25,5,30,0,0,0,0
2020-06-20,"Wales",712,5229,1749,7690,33,109,120,262
2020-06-21,"Betsi Cadwaladr University Health Board",244,1174,334,1752,7,19,31,57
2020-06-21,"Hywel Dda University Health Board",34,677,246,957,2,12,11,25
2020-06-21,"Abertawe Bro Morgannwg University Health Board",44,661,114,819,5,21,3,29
2020-06-21,"Cardiff and Vale University Health Board",229,874,328,1431,6,33,40,79
2020-06-21,"Cwm Taf University Health Board",88,894,185,1167,3,13,24,40
2020-06-21,"Aneurin Bevan University Health Board",81,845,451,1377,4,11,17,32
2020-06-21,"Powys Teaching Health Board",14,80,52,146,0,0,0,0
2020-06-21,"Velindre University NHS Trust",0,20,10,30,0,0,0,0
2020-06-21,"Wales",734,5225,1720,7679,27,109,126,262
2020-06-22,"Betsi Cadwaladr University Health Board",240,1194,325,1759,7,17,33,57
2020-06-22,"Hywel Dda University Health Board",22,708,222,952,2,12,11,25
2020-06-22,"Abertawe Bro Morgannwg University Health Board",58,674,87,819,5,21,3,29
2020-06-22,"Cardiff and Vale University Health Board",211,908,312,1431,6,29,44,79
2020-06-22,"Cwm Taf University Health Board",96,912,165,1173,5,12,23,40
2020-06-22,"Aneurin Bevan University Health Board",57,899,421,1377,2,13,17,32
2020-06-22,"Powys Teaching Health Board",12,82,52,146,0,0,0,0
2020-06-22,"Velindre University NHS Trust",0,11,19,30,0,0,0,0
2020-06-22,"Wales",696,5388,1603,7687,27,104,131,262
2020-06-23,"Betsi Cadwaladr University Health Board",229,1240,293,1762,5,17,35,57
2020-06-23,"Hywel Dda University Health Board",16,691,243,950,3,9,13,25
2020-06-23,"Abertawe Bro Morgannwg University Health Board",38,675,111,824,3,22,4,29
2020-06-23,"Cardiff and Vale University Health Board",235,912,284,1431,5,30,44,79
2020-06-23,"Cwm Taf University Health Board",93,904,172,1169,3,17,20,40
2020-06-23,"Aneurin Bevan University Health Board",71,902,404,1377,3,15,14,32
2020-06-23,"Powys Teaching Health Board",9,82,55,146,0,0,0,0
2020-06-23,"Velindre University NHS Trust",0,15,15,30,0,0,0,0
2020-06-23,"Wales",691,5421,1577,7689,22,110,130,262
2020-06-24,"Betsi Cadwaladr University Health Board",218,1204,354,1776,8,18,31,57
2020-06-24,"Hywel Dda University Health Board",26,707,240,973,1,13,11,25
2020-06-24,"Abertawe Bro Morgannwg University Health Board",31,643,150,824,4,22,3,29
2020-06-24,"Cardiff and Vale University Health Board",258,892,281,1431,9,24,46,79
2020-06-24,"Cwm Taf University Health Board",89,893,190,1172,1,20,19,40
2020-06-24,"Aneurin Bevan University Health Board",99,859,419,1377,4,10,18,32
2020-06-24,"Powys Teaching Health Board",10,85,51,146,0,0,0,0
2020-06-24,"Velindre University NHS Trust",3,13,14,30,0,0,0,0
2020-06-24,"Wales",734,5296,1699,7729,27,107,128,262
2020-06-25,"Betsi Cadwaladr University Health Board",223,1236,321,1780,7,20,30,57
2020-06-25,"Hywel Dda University Health Board",18,703,259,980,0,16,9,25
2020-06-25,"Abertawe Bro Morgannwg University Health Board",20,672,134,826,4,24,1,29
2020-06-25,"Cardiff and Vale University Health Board",226,914,291,1431,6,27,46,79
2020-06-25,"Cwm Taf University Health Board",96,884,213,1193,0,18,22,40
2020-06-25,"Aneurin Bevan University Health Board",109,856,412,1377,4,12,16,32
2020-06-25,"Powys Teaching Health Board",8,85,53,146,0,0,0,0
2020-06-25,"Velindre University NHS Trust",0,14,16,30,0,0,0,0
2020-06-25,"Wales",700,5364,1699,7763,21,117,124,262
2020-06-26,"Betsi Cadwaladr University Health Board",219,1235,326,1780,8,16,33,57
2020-06-26,"Hywel Dda University Health Board",20,686,278,984,0,17,8,25
2020-06-26,"Abertawe Bro Morgannwg University Health Board",37,660,129,826,4,23,2,29
2020-06-26,"Cardiff and Vale University Health Board",213,903,315,1431,10,26,43,79
2020-06-26,"Cwm Taf University Health Board",92,895,180,1167,0,19,21,40
2020-06-26,"Aneurin Bevan University Health Board",104,873,400,1377,2,13,17,32
2020-06-26,"Powys Teaching Health Board",5,90,51,146,0,0,0,0
2020-06-26,"Velindre University NHS Trust",0,16,14,30,0,0,0,0
2020-06-26,"Wales",690,5358,1693,7741,24,114,124,262
2020-06-27,"Betsi Cadwaladr University Health Board",217,1238,325,1780,7,15,35,57
2020-06-27,"Hywel Dda University Health Board",22,686,254,962,0,16,9,25
2020-06-27,"Abertawe Bro Morgannwg University Health Board",22,634,170,826,3,23,3,29
2020-06-27,"Cardiff and Vale University Health Board",203,881,347,1431,7,31,41,79
2020-06-27,"Cwm Taf University Health Board",65,943,159,1167,1,18,21,40
2020-06-27,"Aneurin Bevan University Health Board",81,878,418,1377,3,10,19,32
2020-06-27,"Powys Teaching Health Board",5,96,45,146,0,0,0,0
2020-06-27,"Velindre University NHS Trust",0,21,9,30,0,0,0,0
2020-06-27,"Wales",615,5377,1727,7719,21,113,128,262
2020-06-28,"Betsi Cadwaladr University Health Board",227,1274,278,1779,5,16,36,57
2020-06-28,"Hywel Dda University Health Board",16,712,224,952,2,16,7,25
2020-06-28,"Abertawe Bro Morgannwg University Health Board",30,655,130,815,3,21,5,29
2020-06-28,"Cardiff and Vale University Health Board",185,909,337,1431,7,32,40,79
2020-06-28,"Cwm Taf University Health Board",79,924,164,1167,3,12,25,40
2020-06-28,"Aneurin Bevan University Health Board",79,890,408,1377,1,10,21,32
2020-06-28,"Powys Teaching Health Board",6,96,44,146,0,0,0,0
2020-06-28,"Velindre University NHS Trust",0,21,9,30,0,0,0,0
2020-06-28,"Wales",622,5481,1594,7697,21,107,134,262
2020-06-29,"Betsi Cadwaladr University Health Board",214,1268,307,1789,8,16,33,57
2020-06-29,"Hywel Dda University Health Board",9,721,235,965,1,16,8,25
2020-06-29,"Abertawe Bro Morgannwg University Health Board",31,666,118,815,4,22,3,29
2020-06-29,"Cardiff and Vale University Health Board",185,926,320,1431,7,34,38,79
2020-06-29,"Cwm Taf University Health Board",82,965,113,1160,2,15,23,40
2020-06-29,"Aneurin Bevan University Health Board",57,937,383,1377,2,10,20,32
2020-06-29,"Powys Teaching Health Board",12,91,43,146,0,0,0,0
2020-06-29,"Velindre University NHS Trust",0,14,16,30,0,0,0,0
2020-06-29,"Wales",590,5588,1535,7713,24,113,125,262
2020-06-30,"Betsi Cadwaladr University Health Board",200,1258,328,1786,5,16,36,57
2020-06-30,"Hywel Dda University Health Board",20,723,246,989,0,12,13,25
2020-06-30,"Abertawe Bro Morgannwg University Health Board",31,677,104,812,4,23,5,32
2020-06-30,"Cardiff and Vale University Health Board",230,901,300,1431,8,33,38,79
2020-06-30,"Cwm Taf University Health Board",67,937,161,1165,4,16,20,40
2020-06-30,"Aneurin Bevan University Health Board",59,945,373,1377,1,9,22,32
2020-06-30,"Powys Teaching Health Board",5,92,49,146,0,0,0,0
2020-06-30,"Velindre University NHS Trust",1,15,14,30,0,0,0,0
2020-06-30,"Wales",613,5548,1575,7736,22,109,134,265
2020-07-01,"Betsi Cadwaladr University Health Board",194,1315,283,1792,7,14,36,57
2020-07-01,"Hywel Dda University Health Board",19,704,267,990,1,11,13,25
2020-07-01,"Abertawe Bro Morgannwg University Health Board",28,659,126,813,4,27,1,32
2020-07-01,"Cardiff and Vale University Health Board",191,926,314,1431,6,31,42,79
2020-07-01,"Cwm Taf University Health Board",56,906,199,1161,2,17,21,40
2020-07-01,"Aneurin Bevan University Health Board",58,936,383,1377,2,8,22,32
2020-07-01,"Powys Teaching Health Board",3,94,49,146,0,0,0,0
2020-07-01,"Velindre University NHS Trust",0,12,18,30,0,0,0,0
2020-07-01,"Wales",549,5552,1639,7740,22,108,135,265
2020-07-02,"Betsi Cadwaladr University Health Board",189,1313,288,1790,6,23,28,57
2020-07-02,"Hywel Dda University Health Board",12,693,278,983,0,11,14,25
2020-07-02,"Abertawe Bro Morgannwg University Health Board",31,674,108,813,4,30,3,37
2020-07-02,"Cardiff and Vale University Health Board",170,938,323,1431,7,32,40,79
2020-07-02,"Cwm Taf University Health Board",61,884,215,1160,1,15,24,40
2020-07-02,"Aneurin Bevan University Health Board",60,932,385,1377,1,9,22,32
2020-07-02,"Powys Teaching Health Board",3,97,46,146,0,0,0,0
2020-07-02,"Velindre University NHS Trust",0,15,15,30,0,0,0,0
2020-07-02,"Wales",526,5546,1658,7730,19,120,131,270
2020-07-03,"Betsi Cadwaladr University Health Board",190,1258,330,1778,4,28,16,48
2020-07-03,"Hywel Dda University Health Board",14,697,272,983,1,11,13,25
2020-07-03,"Abertawe Bro Morgannwg University Health Board",24,640,149,813,4,32,3,39
2020-07-03,"Cardiff and Vale University Health Board",175,946,310,1431,7,33,39,79
2020-07-03,"Cwm Taf University Health Board",60,891,215,1166,1,13,26,40
2020-07-03,"Aneurin Bevan University Health Board",56,956,365,1377,0,11,21,32
2020-07-03,"Powys Teaching Health Board",3,98,45,146,0,0,0,0
2020-07-03,"Velindre University NHS Trust",0,13,17,30,0,0,0,0
2020-07-03,"Wales",522,5499,1703,7724,17,128,118,263
2020-07-04,"Betsi Cadwaladr University Health Board",185,1221,391,1797,3,25,20,48
2020-07-04,"Hywel Dda University Health Board",12,706,265,983,0,10,15,25
2020-07-04,"Abertawe Bro Morgannwg University Health Board",21,619,173,813,3,28,8,39
2020-07-04,"Cardiff and Vale University Health Board",168,917,346,1431,6,34,39,79
2020-07-04,"Cwm Taf University Health Board",63,827,271,1161,3,10,39,52
2020-07-04,"Aneurin Bevan University Health Board",78,894,405,1377,0,9,23,32
2020-07-04,"Powys Teaching Health Board",4,97,39,140,0,0,0,0
2020-07-04,"Velindre University NHS Trust",0,18,12,30,0,0,0,0
2020-07-04,"Wales",531,5299,1902,7732,15,116,144,275
2020-07-05,"Betsi Cadwaladr University Health Board",186,1254,358,1798,5,23,20,48
2020-07-05,"Hywel Dda University Health Board",18,723,242,983,0,9,16,25
2020-07-05,"Abertawe Bro Morgannwg University Health Board",27,636,150,813,4,26,9,39
2020-07-05,"Cardiff and Vale University Health Board",162,934,335,1431,6,35,38,79
2020-07-05,"Cwm Taf University Health Board",50,925,193,1168,1,14,37,52
2020-07-05,"Aneurin Bevan University Health Board",67,915,395,1377,0,9,23,32
2020-07-05,"Powys Teaching Health Board",8,92,40,140,0,0,0,0
2020-07-05,"Velindre University NHS Trust",0,16,14,30,0,0,0,0
2020-07-05,"Wales",518,5495,1727,7740,16,116,143,275
2020-07-06,"Betsi Cadwaladr University Health Board",167,1328,306,1801,4,24,20,48
2020-07-06,"Hywel Dda University Health Board",15,755,255,1025,0,11,14,25
2020-07-06,"Abertawe Bro Morgannwg University Health Board",20,689,104,813,3,26,10,39
2020-07-06,"Cardiff and Vale University Health Board",176,971,284,1431,4,35,40,79
2020-07-06,"Cwm Taf University Health Board",55,944,169,1168,0,14,38,52
2020-07-06,"Aneurin Bevan University Health Board",54,976,347,1377,2,11,19,32
2020-07-06,"Powys Teaching Health Board",2,97,41,140,0,0,0,0
2020-07-06,"Velindre University NHS Trust",0,13,17,30,0,0,0,0
2020-07-06,"Wales",489,5773,1523,7785,13,121,141,275
2020-07-07,"Betsi Cadwaladr University Health Board",183,1284,334,1801,4,22,22,48
2020-07-07,"Hywel Dda University Health Board",31,740,231,1002,0,7,18,25
2020-07-07,"Abertawe Bro Morgannwg University Health Board",20,663,130,813,3,23,13,39
2020-07-07,"Cardiff and Vale University Health Board",171,963,297,1431,3,35,41,79
2020-07-07,"Cwm Taf University Health Board",45,961,166,1172,2,11,39,52
2020-07-07,"Aneurin Bevan University Health Board",62,985,330,1377,0,16,16,32
2020-07-07,"Powys Teaching Health Board",4,97,39,140,0,0,0,0
2020-07-07,"Velindre University NHS Trust",0,10,20,30,0,0,0,0
2020-07-07,"Wales",516,5703,1547,7766,12,114,149,275
2020-07-08,"Betsi Cadwaladr University Health Board",172,1324,314,1810,4,24,29,57
2020-07-08,"Hywel Dda University Health Board",10,739,281,1030,2,5,18,25
2020-07-08,"Abertawe Bro Morgannwg University Health Board",18,709,100,827,2,17,10,29
2020-07-08,"Cardiff and Vale University Health Board",173,987,275,1435,2,36,41,79
2020-07-08,"Cwm Taf University Health Board",53,954,177,1184,0,15,37,52
2020-07-08,"Aneurin Bevan University Health Board",72,970,382,1424,0,17,15,32
2020-07-08,"Powys Teaching Health Board",4,94,42,140,0,0,0,0
2020-07-08,"Velindre University NHS Trust",0,12,18,30,0,0,0,0
2020-07-08,"Wales",502,5789,1589,7880,10,114,150,274
2020-07-09,"Betsi Cadwaladr University Health Board",175,1329,303,1807,4,24,29,57
2020-07-09,"Hywel Dda University Health Board",13,723,294,1030,0,8,17,25
2020-07-09,"Abertawe Bro Morgannwg University Health Board",18,695,114,827,2,15,12,29
2020-07-09,"Cardiff and Vale University Health Board",173,1013,249,1435,3,36,40,79
2020-07-09,"Cwm Taf University Health Board",54,931,177,1162,0,14,38,52
2020-07-09,"Aneurin Bevan University Health Board",59,961,404,1424,3,13,16,32
2020-07-09,"Powys Teaching Health Board",4,97,39,140,0,0,0,0
2020-07-09,"Velindre University NHS Trust",0,17,13,30,0,0,0,0
2020-07-09,"Wales",496,5766,1593,7855,12,110,152,274
2020-07-10,"Betsi Cadwaladr University Health Board",156,1515,332,2003,10,25,29,64
2020-07-10,"Hywel Dda University Health Board",12,793,305,1110,1,8,16,25
2020-07-10,"Abertawe Bro Morgannwg University Health Board",22,942,187,1151,2,12,15,29
2020-07-10,"Cardiff and Vale University Health Board",170,998,371,1539,1,37,41,79
2020-07-10,"Cwm Taf University Health Board",51,1109,220,1380,2,14,24,40
2020-07-10,"Aneurin Bevan University Health Board",53,1101,465,1619,1,18,13,32
2020-07-10,"Powys Teaching Health Board",4,118,49,171,0,0,0,0
2020-07-10,"Velindre University NHS Trust",0,17,13,30,0,0,0,0
2020-07-10,"Wales",468,6593,1942,9003,17,114,138,269
2020-07-11,"Betsi Cadwaladr University Health Board",152,1516,335,2003,3,24,30,57
2020-07-11,"Hywel Dda University Health Board",16,778,316,1110,0,10,15,25
2020-07-11,"Abertawe Bro Morgannwg University Health Board",18,943,190,1151,3,15,11,29
2020-07-11,"Cardiff and Vale University Health Board",165,989,385,1539,1,38,40,79
2020-07-11,"Cwm Taf University Health Board",55,1115,160,1330,1,15,24,40
2020-07-11,"Aneurin Bevan University Health Board",50,1061,508,1619,2,12,18,32
2020-07-11,"Powys Teaching Health Board",5,122,44,171,0,0,0,0
2020-07-11,"Velindre University NHS Trust",0,18,12,30,0,0,0,0
2020-07-11,"Wales",461,6542,1950,8953,10,114,138,262
2020-07-12,"Betsi Cadwaladr University Health Board",165,1559,281,2005,4,20,33,57
2020-07-12,"Hywel Dda University Health Board",10,778,315,1103,1,11,13,25
2020-07-12,"Abertawe Bro Morgannwg University Health Board",22,936,193,1151,3,17,9,29
2020-07-12,"Cardiff and Vale University Health Board",166,991,382,1539,2,37,40,79
2020-07-12,"Cwm Taf University Health Board",49,1141,140,1330,2,15,23,40
2020-07-12,"Aneurin Bevan University Health Board",70,1061,488,1619,2,13,17,32
2020-07-12,"Powys Teaching Health Board",5,124,42,171,0,0,0,0
2020-07-12,"Velindre University NHS Trust",0,17,13,30,0,0,0,0
2020-07-12,"Wales",487,6607,1854,8948,14,113,135,262
2020-07-13,"Betsi Cadwaladr University Health Board",164,1581,275,2020,5,20,32,57
2020-07-13,"Hywel Dda University Health Board",13,804,291,1108,1,15,9,25
2020-07-13,"Abertawe Bro Morgannwg University Health Board",19,921,211,1151,3,13,13,29
2020-07-13,"Cardiff and Vale University Health Board",165,1030,344,1539,2,36,41,79
2020-07-13,"Cwm Taf University Health Board",54,1149,142,1345,4,13,23,40
2020-07-13,"Aneurin Bevan University Health Board",76,1100,443,1619,2,14,16,32
2020-07-13,"Powys Teaching Health Board",4,127,40,171,0,0,0,0
2020-07-13,"Velindre University NHS Trust",0,13,17,30,0,0,0,0
2020-07-13,"Wales",495,6725,1763,8983,17,111,134,262
2020-07-14,"Betsi Cadwaladr University Health Board",162,1558,301,2021,4,19,34,57
2020-07-14,"Hywel Dda University Health Board",13,835,271,1119,0,17,8,25
2020-07-14,"Abertawe Bro Morgannwg University Health Board",21,880,252,1153,2,12,15,29
2020-07-14,"Cardiff and Vale University Health Board",167,1035,337,1539,2,34,43,79
2020-07-14,"Cwm Taf University Health Board",48,1145,152,1345,0,18,20,38
2020-07-14,"Aneurin Bevan University Health Board",56,1120,443,1619,1,13,18,32
2020-07-14,"Powys Teaching Health Board",1,122,48,171,0,0,0,0
2020-07-14,"Velindre University NHS Trust",0,18,12,30,0,0,0,0
2020-07-14,"Wales",468,6713,1816,8997,9,113,138,260
2020-07-15,"Betsi Cadwaladr University Health Board",165,1569,284,2018,3,23,35,61
2020-07-15,"Hywel Dda University Health Board",14,790,315,1119,0,18,7,25
2020-07-15,"Abertawe Bro Morgannwg University Health Board",16,887,250,1153,2,10,17,29
2020-07-15,"Cardiff and Vale University Health Board",173,1038,328,1539,2,33,44,79
2020-07-15,"Cwm Taf University Health Board",45,1174,126,1345,0,15,23,38
2020-07-15,"Aneurin Bevan University Health Board",60,1118,441,1619,3,13,16,32
2020-07-15,"Powys Teaching Health Board",1,127,43,171,0,0,0,0
2020-07-15,"Velindre University NHS Trust",1,13,16,30,0,0,0,0
2020-07-15,"Wales",475,6716,1803,8994,10,112,142,264
2020-07-16,"Betsi Cadwaladr University Health Board",153,1569,291,2013,8,21,32,61
2020-07-16,"Hywel Dda University Health Board",21,815,283,1119,1,21,5,27
2020-07-16,"Abertawe Bro Morgannwg University Health Board",16,964,173,1153,2,12,15,29
2020-07-16,"Cardiff and Vale University Health Board",157,1054,328,1539,2,33,44,79
2020-07-16,"Cwm Taf University Health Board",46,1154,145,1345,1,17,20,38
2020-07-16,"Aneurin Bevan University Health Board",62,1117,440,1619,3,13,16,32
2020-07-16,"Powys Teaching Health Board",1,132,38,171,0,0,0,0
2020-07-16,"Velindre University NHS Trust",0,17,13,30,0,0,0,0
2020-07-16,"Wales",456,6822,1711,8989,17,117,132,266
2020-07-17,"Betsi Cadwaladr University Health Board",142,1526,339,2007,3,23,31,57
2020-07-17,"Hywel Dda University Health Board",19,828,263,1110,0,21,4,25
2020-07-17,"Abertawe Bro Morgannwg University Health Board",25,945,188,1158,2,13,14,29
2020-07-17,"Cardiff and Vale University Health Board",158,1044,337,1539,2,32,45,79
2020-07-17,"Cwm Taf University Health Board",45,1175,125,1345,1,14,23,38
2020-07-17,"Aneurin Bevan University Health Board",43,1151,426,1620,3,9,20,32
2020-07-17,"Powys Teaching Health Board",1,133,37,171,0,0,0,0
2020-07-17,"Velindre University NHS Trust",0,17,13,30,0,0,0,0
2020-07-17,"Wales",433,6819,1728,8980,11,112,137,260
2020-07-18,"Betsi Cadwaladr University Health Board",157,1531,318,2006,4,20,33,57
2020-07-18,"Hywel Dda University Health Board",17,806,287,1110,0,22,5,27
2020-07-18,"Abertawe Bro Morgannwg University Health Board",22,915,221,1158,2,11,16,29
2020-07-18,"Cardiff and Vale University Health Board",152,999,388,1539,2,31,46,79
2020-07-18,"Cwm Taf University Health Board",41,1187,140,1368,1,12,25,38
2020-07-18,"Aneurin Bevan University Health Board",61,1050,509,1620,1,13,18,32
2020-07-18,"Powys Teaching Health Board",1,131,39,171,0,0,0,0
2020-07-18,"Velindre University NHS Trust",0,19,11,30,0,0,0,0
2020-07-18,"Wales",451,6638,1913,9002,10,109,143,262
2020-07-19,"Betsi Cadwaladr University Health Board",142,1546,327,2015,1,21,35,57
2020-07-19,"Hywel Dda University Health Board",15,827,268,1110,0,17,8,25
2020-07-19,"Abertawe Bro Morgannwg University Health Board",21,956,181,1158,3,12,14,29
2020-07-19,"Cardiff and Vale University Health Board",150,1009,380,1539,1,34,44,79
2020-07-19,"Cwm Taf University Health Board",42,1180,123,1345,1,12,25,38
2020-07-19,"Aneurin Bevan University Health Board",55,1102,463,1620,1,11,20,32
2020-07-19,"Powys Teaching Health Board",1,132,38,171,0,0,0,0
2020-07-19,"Velindre University NHS Trust",0,20,10,30,0,0,0,0
2020-07-19,"Wales",426,6772,1790,8988,7,107,146,260
2020-07-20,"Betsi Cadwaladr University Health Board",145,1579,289,2013,1,24,32,57
2020-07-20,"Hywel Dda University Health Board",12,817,281,1110,0,18,9,27
2020-07-20,"Abertawe Bro Morgannwg University Health Board",22,967,169,1158,3,17,9,29
2020-07-20,"Cardiff and Vale University Health Board",149,1062,328,1539,1,36,42,79
2020-07-20,"Cwm Taf University Health Board",46,1197,102,1345,0,14,24,38
2020-07-20,"Aneurin Bevan University Health Board",39,1146,435,1620,1,12,19,32
2020-07-20,"Powys Teaching Health Board",2,132,37,171,0,0,0,0
2020-07-20,"Velindre University NHS Trust",0,13,17,30,0,0,0,0
2020-07-20,"Wales",415,6913,1658,8986,6,121,135,262
2020-07-21,"Betsi Cadwaladr University Health Board",155,1580,284,2019,1,23,33,57
2020-07-21,"Hywel Dda University Health Board",13,917,179,1109,0,19,8,27
2020-07-21,"Abertawe Bro Morgannwg University Health Board",24,955,179,1158,5,19,5,29
2020-07-21,"Cardiff and Vale University Health Board",144,1069,326,1539,1,38,40,79
2020-07-21,"Cwm Taf University Health Board",46,1196,110,1352,2,11,25,38
2020-07-21,"Aneurin Bevan University Health Board",41,1171,408,1620,0,11,21,32
2020-07-21,"Powys Teaching Health Board",3,128,40,171,0,0,0,0
2020-07-21,"Velindre University NHS Trust",0,8,22,30,0,0,0,0
2020-07-21,"Wales",426,7024,1548,8998,9,121,132,262
2020-07-22,"Betsi Cadwaladr University Health Board",157,1586,266,2009,2,23,32,57
2020-07-22,"Hywel Dda University Health Board",16,870,223,1109,0,21,6,27
2020-07-22,"Abertawe Bro Morgannwg University Health Board",30,980,143,1153,4,13,12,29
2020-07-22,"Cardiff and Vale University Health Board",139,1074,326,1539,1,39,39,79
2020-07-22,"Cwm Taf University Health Board",42,1169,141,1352,1,12,25,38
2020-07-22,"Aneurin Bevan University Health Board",45,1126,449,1620,0,10,22,32
2020-07-22,"Powys Teaching Health Board",4,131,37,172,0,0,0,0
2020-07-22,"Velindre University NHS Trust",0,8,22,30,0,0,0,0
2020-07-22,"Wales",433,6944,1607,8984,8,118,136,262
2020-07-23,"Betsi Cadwaladr University Health Board",164,1534,315,2013,5,27,25,57
2020-07-23,"Hywel Dda University Health Board",17,896,196,1109,0,18,9,27
2020-07-23,"Abertawe Bro Morgannwg University Health Board",27,976,150,1153,0,18,11,29
2020-07-23,"Cardiff and Vale University Health Board",141,1059,339,1539,1,37,41,79
2020-07-23,"Cwm Taf University Health Board",40,1168,139,1347,0,12,26,38
2020-07-23,"Aneurin Bevan University Health Board",37,1151,432,1620,0,9,23,32
2020-07-23,"Powys Teaching Health Board",1,133,38,172,0,0,0,0
2020-07-23,"Velindre University NHS Trust",0,10,20,30,0,0,0,0
2020-07-23,"Wales",427,6927,1629,8983,6,121,135,262
2020-07-24,"Betsi Cadwaladr University Health Board",161,1571,274,2006,4,23,29,56
2020-07-24,"Hywel Dda University Health Board",14,876,219,1109,0,17,10,27
2020-07-24,"Abertawe Bro Morgannwg University Health Board",13,1018,127,1158,1,15,13,29
2020-07-24,"Cardiff and Vale University Health Board",142,1042,355,1539,1,37,41,79
2020-07-24,"Cwm Taf University Health Board",49,1136,164,1349,2,12,22,36
2020-07-24,"Aneurin Bevan University Health Board",49,1118,453,1620,0,10,22,32
2020-07-24,"Powys Teaching Health Board",2,129,41,172,0,0,0,0
2020-07-24,"Velindre University NHS Trust",0,13,17,30,0,0,0,0
2020-07-24,"Wales",430,6903,1650,8983,8,114,137,259
2020-07-25,"Betsi Cadwaladr University Health Board",183,1525,289,1997,4,23,29,56
2020-07-25,"Hywel Dda University Health Board",18,844,246,1108,0,18,9,27
2020-07-25,"Abertawe Bro Morgannwg University Health Board",19,997,142,1158,1,14,14,29
2020-07-25,"Cardiff and Vale University Health Board",141,1013,385,1539,1,34,44,79
2020-07-25,"Cwm Taf University Health Board",44,1135,170,1349,0,17,19,36
2020-07-25,"Aneurin Bevan University Health Board",46,1093,481,1620,1,10,21,32
2020-07-25,"Powys Teaching Health Board",5,126,41,172,0,0,0,0
2020-07-25,"Velindre University NHS Trust",0,17,13,30,0,0,0,0
2020-07-25,"Wales",456,6750,1767,8973,7,116,136,259
2020-07-26,"Betsi Cadwaladr University Health Board",172,1555,276,2003,4,22,30,56
2020-07-26,"Hywel Dda University Health Board",9,886,212,1107,0,19,8,27
2020-07-26,"Abertawe Bro Morgannwg University Health Board",18,1001,139,1158,1,15,13,29
2020-07-26,"Cardiff and Vale University Health Board",138,1015,386,1539,1,33,45,79
2020-07-26,"Cwm Taf University Health Board",37,1166,169,1372,0,10,26,36
2020-07-26,"Aneurin Bevan University Health Board",64,1109,447,1620,1,9,22,32
2020-07-26,"Powys Teaching Health Board",5,127,40,172,0,0,0,0
2020-07-26,"Velindre University NHS Trust",0,18,12,30,0,0,0,0
2020-07-26,"Wales",443,6877,1681,9001,7,108,144,259
2020-07-27,"Betsi Cadwaladr University Health Board",177,1593,244,2014,5,24,28,57
2020-07-27,"Hywel Dda University Health Board",16,879,226,1121,0,19,8,27
2020-07-27,"Abertawe Bro Morgannwg University Health Board",15,1051,124,1190,1,17,11,29
2020-07-27,"Cardiff and Vale University Health Board",129,1064,346,1539,2,32,45,79
2020-07-27,"Cwm Taf University Health Board",37,1187,148,1372,2,13,21,36
2020-07-27,"Aneurin Bevan University Health Board",46,1176,398,1620,1,8,23,32
2020-07-27,"Powys Teaching Health Board",5,126,41,172,0,0,0,0
2020-07-27,"Velindre University NHS Trust",0,19,11,30,0,0,0,0
2020-07-27,"Wales",425,7095,1538,9058,11,113,136,260
2020-07-28,"Betsi Cadwaladr University Health Board",198,1526,250,1974,5,26,26,57
2020-07-28,"Hywel Dda University Health Board",21,884,218,1123,1,19,7,27
2020-07-28,"Abertawe Bro Morgannwg University Health Board",11,1048,133,1192,1,15,13,29
2020-07-28,"Cardiff and Vale University Health Board",140,1081,318,1539,1,38,40,79
2020-07-28,"Cwm Taf University Health Board",40,1170,162,1372,0,16,20,36
2020-07-28,"Aneurin Bevan University Health Board",51,1181,388,1620,4,9,19,32
2020-07-28,"Powys Teaching Health Board",1,130,41,172,0,0,0,0
2020-07-28,"Velindre University NHS Trust",0,13,17,30,0,0,0,0
2020-07-28,"Wales",462,7033,1527,9022,12,123,125,260
2020-07-29,"Betsi Cadwaladr University Health Board",190,1450,288,1928,5,23,29,57
2020-07-29,"Hywel Dda University Health Board",20,869,234,1123,1,17,9,27
2020-07-29,"Abertawe Bro Morgannwg University Health Board",14,1022,156,1192,1,13,15,29
2020-07-29,"Cardiff and Vale University Health Board",139,1081,319,1539,1,38,40,79
2020-07-29,"Cwm Taf University Health Board",49,1153,166,1368,0,17,19,36
2020-07-29,"Aneurin Bevan University Health Board",56,1191,373,1620,4,15,13,32
2020-07-29,"Powys Teaching Health Board",1,131,40,172,0,0,0,0
2020-07-29,"Velindre University NHS Trust",0,15,15,30,0,0,0,0
2020-07-29,"Wales",469,6912,1591,8972,12,123,125,260
2020-07-30,"Betsi Cadwaladr University Health Board",183,1424,304,1911,4,23,30,57
2020-07-30,"Hywel Dda University Health Board",15,873,232,1120,0,20,6,26
2020-07-30,"Abertawe Bro Morgannwg University Health Board",11,1020,161,1192,1,18,10,29
2020-07-30,"Cardiff and Vale University Health Board",133,1089,317,1539,2,35,42,79
2020-07-30,"Cwm Taf University Health Board",47,1142,179,1368,1,12,23,36
2020-07-30,"Aneurin Bevan University Health Board",57,1173,390,1620,3,17,12,32
2020-07-30,"Powys Teaching Health Board",1,132,39,172,0,0,0,0
2020-07-30,"Velindre University NHS Trust",0,16,14,30,0,0,0,0
2020-07-30,"Wales",447,6869,1636,8952,11,125,123,259
2020-07-31,"Betsi Cadwaladr University Health Board",162,1422,309,1893,1,24,31,56
2020-07-31,"Hywel Dda University Health Board",10,888,222,1120,0,21,6,27
2020-07-31,"Abertawe Bro Morgannwg University Health Board",16,1040,136,1192,1,18,10,29
2020-07-31,"Cardiff and Vale University Health Board",125,1094,320,1539,1,41,37,79
2020-07-31,"Cwm Taf University Health Board",45,1162,144,1351,2,15,19,36
2020-07-31,"Aneurin Bevan University Health Board",41,1167,412,1620,5,13,14,32
2020-07-31,"Powys Teaching Health Board",5,131,36,172,0,0,0,0
2020-07-31,"Velindre University NHS Trust",0,17,13,30,0,0,0,0
2020-07-31,"Wales",404,6921,1592,8917,10,132,117,259
2020-08-01,"Betsi Cadwaladr University Health Board",165,1504,247,1916,3,24,30,57
2020-08-01,"Hywel Dda University Health Board",10,847,250,1107,2,19,6,27
2020-08-01,"Abertawe Bro Morgannwg University Health Board",23,986,183,1192,1,20,8,29
2020-08-01,"Cardiff and Vale University Health Board",123,1036,380,1539,3,39,37,79
2020-08-01,"Cwm Taf University Health Board",46,1156,149,1351,0,15,21,36
2020-08-01,"Aneurin Bevan University Health Board",37,1144,439,1620,5,13,14,32
2020-08-01,"Powys Teaching Health Board",2,135,35,172,0,0,0,0
2020-08-01,"Velindre University NHS Trust",0,16,14,30,0,0,0,0
2020-08-01,"Wales",406,6824,1697,8927,14,130,116,260
2020-08-02,"Betsi Cadwaladr University Health Board",168,1533,218,1919,4,24,29,57
2020-08-02,"Hywel Dda University Health Board",8,862,237,1107,0,19,8,27
2020-08-02,"Abertawe Bro Morgannwg University Health Board",22,1006,164,1192,1,20,8,29
2020-08-02,"Cardiff and Vale University Health Board",125,1043,371,1539,3,40,36,79
2020-08-02,"Cwm Taf University Health Board",47,1156,147,1350,0,15,21,36
2020-08-02,"Aneurin Bevan University Health Board",50,1142,428,1620,1,13,18,32
2020-08-02,"Powys Teaching Health Board",2,135,35,172,0,0,0,0
2020-08-02,"Velindre University NHS Trust",0,17,13,30,0,0,0,0
2020-08-02,"Wales",422,6894,1613,8929,9,131,120,260
2020-08-03,"Betsi Cadwaladr University Health Board",187,1493,240,1920,1,24,31,56
2020-08-03,"Hywel Dda University Health Board",9,888,210,1107,0,19,8,27
2020-08-03,"Abertawe Bro Morgannwg University Health Board",25,1038,129,1192,1,20,8,29
2020-08-03,"Cardiff and Vale University Health Board",122,1100,317,1539,1,42,36,79
2020-08-03,"Cwm Taf University Health Board",33,1196,121,1350,1,16,19,36
2020-08-03,"Aneurin Bevan University Health Board",50,1187,383,1620,2,18,12,32
2020-08-03,"Powys Teaching Health Board",3,133,36,172,0,0,0,0
2020-08-03,"Velindre University NHS Trust",0,15,15,30,0,0,0,0
2020-08-03,"Wales",429,7050,1451,8930,6,139,114,259
2020-08-04,"Betsi Cadwaladr University Health Board",178,1450,276,1904,1,20,29,50
2020-08-04,"Hywel Dda University Health Board",4,888,215,1107,0,20,7,27
2020-08-04,"Abertawe Bro Morgannwg University Health Board",19,1043,130,1192,1,18,10,29
2020-08-04,"Cardiff and Vale University Health Board",143,1076,320,1539,2,39,38,79
2020-08-04,"Cwm Taf University Health Board",41,1128,178,1347,0,18,18,36
2020-08-04,"Aneurin Bevan University Health Board",40,1212,368,1620,3,16,13,32
2020-08-04,"Powys Teaching Health Board",2,129,42,173,0,0,0,0
2020-08-04,"Velindre University NHS Trust",0,20,10,30,0,0,0,0
2020-08-04,"Wales",427,6946,1539,8912,7,131,115,253
2020-08-05,"Betsi Cadwaladr University Health Board",183,1401,313,1897,1,26,22,49
2020-08-05,"Hywel Dda University Health Board",11,878,218,1107,1,21,10,32
2020-08-05,"Abertawe Bro Morgannwg University Health Board",13,1066,113,1192,1,23,5,29
2020-08-05,"Cardiff and Vale University Health Board",130,1085,324,1539,2,37,40,79
2020-08-05,"Cwm Taf University Health Board",43,1184,139,1366,0,15,21,36
2020-08-05,"Aneurin Bevan University Health Board",41,1187,392,1620,1,16,15,32
2020-08-05,"Powys Teaching Health Board",1,132,40,173,0,0,0,0
2020-08-05,"Velindre University NHS Trust",2,14,14,30,0,0,0,0
2020-08-05,"Wales",424,6947,1553,8924,6,138,113,257
2020-08-06,"Betsi Cadwaladr University Health Board",179,1455,266,1900,1,24,24,49
2020-08-06,"Hywel Dda University Health Board",22,869,216,1107,0,20,12,32
2020-08-06,"Abertawe Bro Morgannwg University Health Board",15,1043,134,1192,1,22,6,29
2020-08-06,"Cardiff and Vale University Health Board",122,1110,307,1539,1,37,41,79
2020-08-06,"Cwm Taf University Health Board",42,1157,164,1363,0,13,23,36
2020-08-06,"Aneurin Bevan University Health Board",44,1183,393,1620,0,13,19,32
2020-08-06,"Powys Teaching Health Board",1,131,41,173,0,0,0,0
2020-08-06,"Velindre University NHS Trust",0,17,13,30,0,0,0,0
2020-08-06,"Wales",425,6965,1534,8924,3,129,125,257
2020-08-07,"Betsi Cadwaladr University Health Board",147,1477,280,1904,0,23,26,49
2020-08-07,"Hywel Dda University Health Board",16,865,226,1107,2,16,14,32
2020-08-07,"Abertawe Bro Morgannwg University Health Board",14,1033,145,1192,1,4,24,29
2020-08-07,"Cardiff and Vale University Health Board",110,1097,332,1539,1,40,38,79
2020-08-07,"Cwm Taf University Health Board",44,1155,165,1364,0,13,23,36
2020-08-07,"Aneurin Bevan University Health Board",27,1188,405,1620,1,15,16,32
2020-08-07,"Powys Teaching Health Board",2,134,37,173,0,0,0,0
2020-08-07,"Velindre University NHS Trust",0,12,18,30,0,0,0,0
2020-08-07,"Wales",360,6961,1608,8929,5,111,141,257
2020-08-08,"Betsi Cadwaladr University Health Board",128,1501,252,1881,0,20,28,48
2020-08-08,"Hywel Dda University Health Board",16,887,204,1107,0,19,13,32
2020-08-08,"Abertawe Bro Morgannwg University Health Board",12,1008,184,1204,1,19,9,29
2020-08-08,"Cardiff and Vale University Health Board",121,1041,377,1539,2,40,37,79
2020-08-08,"Cwm Taf University Health Board",37,1176,153,1366,0,13,21,34
2020-08-08,"Aneurin Bevan University Health Board",43,1152,425,1620,0,16,16,32
2020-08-08,"Powys Teaching Health Board",1,137,35,173,0,0,0,0
2020-08-08,"Velindre University NHS Trust",0,15,15,30,0,0,0,0
2020-08-08,"Wales",358,6917,1645,8920,3,127,124,254
2020-08-09,"Betsi Cadwaladr University Health Board",132,1521,249,1902,0,21,29,50
2020-08-09,"Hywel Dda University Health Board",21,875,211,1107,0,17,15,32
2020-08-09,"Abertawe Bro Morgannwg University Health Board",14,997,179,1190,1,18,10,29
2020-08-09,"Cardiff and Vale University Health Board",97,1070,372,1539,1,39,39,79
2020-08-09,"Cwm Taf University Health Board",40,1153,173,1366,0,19,15,34
2020-08-09,"Aneurin Bevan University Health Board",42,1142,436,1620,3,13,16,32
2020-08-09,"Powys Teaching Health Board",1,137,35,173,0,0,0,0
2020-08-09,"Velindre University NHS Trust",0,14,16,30,0,0,0,0
2020-08-09,"Wales",347,6909,1671,8927,5,127,124,256
2020-08-10,"Betsi Cadwaladr University Health Board",124,1491,294,1909,0,23,26,49
2020-08-10,"Hywel Dda University Health Board",21,895,191,1107,0,17,15,32
2020-08-10,"Abertawe Bro Morgannwg University Health Board",14,1026,150,1190,1,20,8,29
2020-08-10,"Cardiff and Vale University Health Board",91,1117,331,1539,1,41,37,79
2020-08-10,"Cwm Taf University Health Board",36,1176,154,1366,0,18,16,34
2020-08-10,"Aneurin Bevan University Health Board",41,1175,404,1620,4,17,11,32
2020-08-10,"Powys Teaching Health Board",1,136,36,173,0,0,0,0
2020-08-10,"Velindre University NHS Trust",0,20,10,30,0,0,0,0
2020-08-10,"Wales",328,7036,1570,8934,6,136,113,255
2020-08-11,"Betsi Cadwaladr University Health Board",90,1527,275,1892,0,22,27,49
2020-08-11,"Hywel Dda University Health Board",19,888,200,1107,0,19,13,32
2020-08-11,"Abertawe Bro Morgannwg University Health Board",16,1041,133,1190,1,20,8,29
2020-08-11,"Cardiff and Vale University Health Board",103,1126,310,1539,2,35,42,79
2020-08-11,"Cwm Taf University Health Board",40,1208,118,1366,0,15,19,34
2020-08-11,"Aneurin Bevan University Health Board",40,1188,392,1620,3,21,8,32
2020-08-11,"Powys Teaching Health Board",1,134,38,173,0,0,0,0
2020-08-11,"Velindre University NHS Trust",0,15,15,30,0,0,0,0
2020-08-11,"Wales",309,7127,1481,8917,6,132,117,255
2020-08-12,"Betsi Cadwaladr University Health Board",120,1487,309,1916,2,25,22,49
2020-08-12,"Hywel Dda University Health Board",15,900,198,1113,1,17,14,32
2020-08-12,"Abertawe Bro Morgannwg University Health Board",15,1054,122,1191,1,20,8,29
2020-08-12,"Cardiff and Vale University Health Board",117,1135,287,1539,2,42,35,79
2020-08-12,"Cwm Taf University Health Board",43,1147,176,1366,0,16,18,34
2020-08-12,"Aneurin Bevan University Health Board",36,1204,380,1620,1,21,10,32
2020-08-12,"Powys Teaching Health Board",1,135,37,173,0,0,0,0
2020-08-12,"Velindre University NHS Trust",0,15,15,30,0,0,0,0
2020-08-12,"Wales",347,7077,1524,8948,7,141,107,255
2020-08-13,"Betsi Cadwaladr University Health Board",122,1497,293,1912,0,27,22,49
2020-08-13,"Hywel Dda University Health Board",13,908,192,1113,2,19,11,32
2020-08-13,"Abertawe Bro Morgannwg University Health Board",13,1055,98,1166,1,17,11,29
2020-08-13,"Cardiff and Vale University Health Board",109,1149,281,1539,1,41,37,79
2020-08-13,"Cwm Taf University Health Board",41,1151,169,1361,0,19,15,34
2020-08-13,"Aneurin Bevan University Health Board",41,1199,380,1620,2,23,7,32
2020-08-13,"Powys Teaching Health Board",1,134,38,173,0,0,0,0
2020-08-13,"Velindre University NHS Trust",0,14,16,30,0,0,0,0
2020-08-13,"Wales",340,7107,1467,8914,6,146,103,255
2020-08-14,"Betsi Cadwaladr University Health Board",102,1490,317,1909,1,24,24,49
2020-08-14,"Hywel Dda University Health Board",17,875,221,1113,1,16,15,32
2020-08-14,"Abertawe Bro Morgannwg University Health Board",14,1072,121,1207,1,10,18,29
2020-08-14,"Cardiff and Vale University Health Board",86,1188,265,1539,1,40,38,79
2020-08-14,"Cwm Taf University Health Board",43,1165,161,1369,0,18,16,34
2020-08-14,"Aneurin Bevan University Health Board",41,1215,364,1620,2,15,15,32
2020-08-14,"Powys Teaching Health Board",5,135,34,174,0,0,0,0
2020-08-14,"Velindre University NHS Trust",0,17,13,30,0,0,0,0
2020-08-14,"Wales",308,7157,1496,8961,6,123,126,255
2020-08-15,"Betsi Cadwaladr University Health Board",95,1513,282,1890,0,23,26,49
2020-08-15,"Hywel Dda University Health Board",31,852,230,1113,0,17,17,34
2020-08-15,"Abertawe Bro Morgannwg University Health Board",13,1021,173,1207,2,9,18,29
2020-08-15,"Cardiff and Vale University Health Board",95,1130,314,1539,1,37,41,79
2020-08-15,"Cwm Taf University Health Board",44,1197,127,1368,0,17,17,34
2020-08-15,"Aneurin Bevan University Health Board",100,1115,405,1620,2,15,15,32
2020-08-15,"Powys Teaching Health Board",1,140,33,174,0,0,0,0
2020-08-15,"Velindre University NHS Trust",0,16,14,30,0,0,0,0
2020-08-15,"Wales",379,6984,1578,8941,5,118,134,257
2020-08-16,"Betsi Cadwaladr University Health Board",91,1552,242,1885,0,24,25,49
2020-08-16,"Hywel Dda University Health Board",16,879,218,1113,0,16,18,34
2020-08-16,"Abertawe Bro Morgannwg University Health Board",17,1041,149,1207,3,8,18,29
2020-08-16,"Cardiff and Vale University Health Board",92,1129,318,1539,0,35,44,79
2020-08-16,"Cwm Taf University Health Board",36,1202,135,1373,1,19,7,27
2020-08-16,"Aneurin Bevan University Health Board",77,1178,365,1620,2,14,16,32
2020-08-16,"Powys Teaching Health Board",1,140,33,174,0,0,0,0
2020-08-16,"Velindre University NHS Trust",0,16,14,30,0,0,0,0
2020-08-16,"Wales",330,7137,1474,8941,6,116,128,250
2020-08-17,"Betsi Cadwaladr University Health Board",113,1563,224,1900,1,25,23,49
2020-08-17,"Hywel Dda University Health Board",18,885,209,1112,0,16,18,34
2020-08-17,"Abertawe Bro Morgannwg University Health Board",10,1073,124,1207,1,12,16,29
2020-08-17,"Cardiff and Vale University Health Board",95,1183,261,1539,0,34,45,79
2020-08-17,"Cwm Taf University Health Board",43,1222,110,1375,0,22,5,27
2020-08-17,"Aneurin Bevan University Health Board",80,1227,313,1620,1,17,14,32
2020-08-17,"Powys Teaching Health Board",1,140,33,174,0,0,0,0
2020-08-17,"Velindre University NHS Trust",0,16,14,30,0,0,0,0
2020-08-17,"Wales",360,7309,1288,8957,3,126,121,250
2020-08-18,"Betsi Cadwaladr University Health Board",102,1559,239,1900,1,23,25,49
2020-08-18,"Hywel Dda University Health Board",14,873,225,1112,0,14,20,34
2020-08-18,"Abertawe Bro Morgannwg University Health Board",15,1086,106,1207,1,14,14,29
2020-08-18,"Cardiff and Vale University Health Board",94,1190,255,1539,3,34,42,79
2020-08-18,"Cwm Taf University Health Board",47,1211,116,1374,0,19,8,27
2020-08-18,"Aneurin Bevan University Health Board",46,1251,323,1620,1,15,16,32
2020-08-18,"Powys Teaching Health Board",1,136,37,174,0,0,0,0
2020-08-18,"Velindre University NHS Trust",0,15,15,30,0,0,0,0
2020-08-18,"Wales",319,7321,1316,8956,6,119,125,250
2020-08-19,"Betsi Cadwaladr University Health Board",112,1540,231,1883,1,24,24,49
2020-08-19,"Hywel Dda University Health Board",17,866,229,1112,1,17,16,34
2020-08-19,"Abertawe Bro Morgannwg University Health Board",12,1111,84,1207,1,14,14,29
2020-08-19,"Cardiff and Vale University Health Board",98,1185,256,1539,1,31,47,79
2020-08-19,"Cwm Taf University Health Board",37,1186,154,1377,0,21,6,27
2020-08-19,"Aneurin Bevan University Health Board",49,1251,320,1620,1,12,19,32
2020-08-19,"Powys Teaching Health Board",1,136,36,173,0,0,0,0
2020-08-19,"Velindre University NHS Trust",0,18,12,30,0,0,0,0
2020-08-19,"Wales",326,7293,1322,8941,5,119,126,250
2020-08-20,"Betsi Cadwaladr University Health Board",95,1524,259,1878,1,22,26,49
2020-08-20,"Hywel Dda University Health Board",24,863,225,1112,2,18,14,34
2020-08-20,"Abertawe Bro Morgannwg University Health Board",16,1089,102,1207,3,12,14,29
2020-08-20,"Cardiff and Vale University Health Board",81,1206,252,1539,1,34,44,79
2020-08-20,"Cwm Taf University Health Board",41,1205,131,1377,0,24,3,27
2020-08-20,"Aneurin Bevan University Health Board",68,1226,326,1620,3,9,20,32
2020-08-20,"Powys Teaching Health Board",1,137,35,173,0,0,0,0
2020-08-20,"Velindre University NHS Trust",0,20,10,30,0,0,0,0
2020-08-20,"Wales",326,7270,1340,8936,10,119,121,250
2020-08-21,"Betsi Cadwaladr University Health Board",79,1545,265,1889,2,22,25,49
2020-08-21,"Hywel Dda University Health Board",15,866,231,1112,0,18,16,34
2020-08-21,"Abertawe Bro Morgannwg University Health Board",15,1079,113,1207,2,17,10,29
2020-08-21,"Cardiff and Vale University Health Board",81,1211,247,1539,1,33,45,79
2020-08-21,"Cwm Taf University Health Board",37,1186,154,1377,1,20,6,27
2020-08-21,"Aneurin Bevan University Health Board",44,1237,339,1620,0,13,19,32
2020-08-21,"Powys Teaching Health Board",1,140,31,172,0,0,0,0
2020-08-21,"Velindre University NHS Trust",0,17,13,30,0,0,0,0
2020-08-21,"Wales",272,7281,1393,8946,6,123,121,250
2020-08-22,"Betsi Cadwaladr University Health Board",108,1519,269,1896,0,27,22,49
2020-08-22,"Hywel Dda University Health Board",10,804,284,1098,1,13,20,34
2020-08-22,"Abertawe Bro Morgannwg University Health Board",12,1021,174,1207,1,15,13,29
2020-08-22,"Cardiff and Vale University Health Board",81,1129,329,1539,1,28,50,79
2020-08-22,"Cwm Taf University Health Board",36,1208,133,1377,0,18,9,27
2020-08-22,"Aneurin Bevan University Health Board",63,1156,401,1620,0,10,22,32
2020-08-22,"Powys Teaching Health Board",1,144,27,172,0,0,0,0
2020-08-22,"Velindre University NHS Trust",0,15,15,30,0,0,0,0
2020-08-22,"Wales",311,6996,1632,8939,3,111,136,250
2020-08-23,"Betsi Cadwaladr University Health Board",101,1586,209,1896,0,24,25,49
2020-08-23,"Hywel Dda University Health Board",10,827,237,1074,2,12,20,34
2020-08-23,"Abertawe Bro Morgannwg University Health Board",10,1058,139,1207,1,12,16,29
2020-08-23,"Cardiff and Vale University Health Board",73,1126,340,1539,1,31,47,79
2020-08-23,"Cwm Taf University Health Board",38,1216,123,1377,1,18,8,27
2020-08-23,"Aneurin Bevan University Health Board",36,1187,397,1620,0,12,20,32
2020-08-23,"Powys Teaching Health Board",1,144,27,172,0,0,0,0
2020-08-23,"Velindre University NHS Trust",0,15,15,30,0,0,0,0
2020-08-23,"Wales",269,7159,1487,8915,5,109,136,250
2020-08-24,"Betsi Cadwaladr University Health Board",91,1551,246,1888,0,26,23,49
2020-08-24,"Hywel Dda University Health Board",12,865,197,1074,2,16,16,34
2020-08-24,"Abertawe Bro Morgannwg University Health Board",6,1082,119,1207,1,14,14,29
2020-08-24,"Cardiff and Vale University Health Board",72,1179,288,1539,1,31,47,79
2020-08-24,"Cwm Taf University Health Board",40,1211,123,1374,0,20,7,27
2020-08-24,"Aneurin Bevan University Health Board",44,1217,359,1620,0,11,21,32
2020-08-24,"Powys Teaching Health Board",1,144,27,172,0,0,0,0
2020-08-24,"Velindre University NHS Trust",0,16,14,30,0,0,0,0
2020-08-24,"Wales",266,7265,1373,8904,4,118,128,250
2020-08-25,"Betsi Cadwaladr University Health Board",93,1548,266,1907,0,26,23,49
2020-08-25,"Hywel Dda University Health Board",15,839,212,1066,1,18,15,34
2020-08-25,"Abertawe Bro Morgannwg University Health Board",8,1091,108,1207,2,12,15,29
2020-08-25,"Cardiff and Vale University Health Board",78,1159,302,1539,0,37,42,79
2020-08-25,"Cwm Taf University Health Board",42,1207,125,1374,0,19,8,27
2020-08-25,"Aneurin Bevan University Health Board",37,1243,340,1620,1,10,21,32
2020-08-25,"Powys Teaching Health Board",1,139,32,172,0,0,0,0
2020-08-25,"Velindre University NHS Trust",0,19,11,30,0,0,0,0
2020-08-25,"Wales",274,7245,1396,8915,4,122,124,250
2020-08-26,"Betsi Cadwaladr University Health Board",98,1496,305,1899,0,25,24,49
2020-08-26,"Hywel Dda University Health Board",20,849,194,1063,1,14,19,34
2020-08-26,"Abertawe Bro Morgannwg University Health Board",14,1098,95,1207,3,10,16,29
2020-08-26,"Cardiff and Vale University Health Board",97,1140,302,1539,0,38,41,79
2020-08-26,"Cwm Taf University Health Board",39,1200,136,1375,0,17,10,27
2020-08-26,"Aneurin Bevan University Health Board",48,1222,350,1620,2,6,24,32
2020-08-26,"Powys Teaching Health Board",1,138,34,173,0,0,0,0
2020-08-26,"Velindre University NHS Trust",0,18,12,30,0,0,0,0
2020-08-26,"Wales",317,7161,1428,8906,6,110,134,250
2020-08-27,"Betsi Cadwaladr University Health Board",82,1492,318,1892,0,26,23,49
2020-08-27,"Hywel Dda University Health Board",14,839,210,1063,1,16,17,34
2020-08-27,"Abertawe Bro Morgannwg University Health Board",7,1071,129,1207,3,10,16,29
2020-08-27,"Cardiff and Vale University Health Board",101,1146,292,1539,0,42,37,79
2020-08-27,"Cwm Taf University Health Board",39,1196,138,1373,0,17,10,27
2020-08-27,"Aneurin Bevan University Health Board",48,1218,354,1620,2,6,24,32
2020-08-27,"Powys Teaching Health Board",1,139,33,173,0,0,0,0
2020-08-27,"Velindre University NHS Trust",2,16,12,30,0,0,0,0
2020-08-27,"Wales",294,7117,1486,8897,6,117,127,250
2020-08-28,"Betsi Cadwaladr University Health Board",104,1488,313,1905,0,27,22,49
2020-08-28,"Hywel Dda University Health Board",19,833,211,1063,1,16,17,34
2020-08-28,"Abertawe Bro Morgannwg University Health Board",10,1072,125,1207,0,14,15,29
2020-08-28,"Cardiff and Vale University Health Board",97,1136,306,1539,0,42,37,79
2020-08-28,"Cwm Taf University Health Board",34,1196,104,1334,0,18,9,27
2020-08-28,"Aneurin Bevan University Health Board",47,1190,383,1620,2,8,22,32
2020-08-28,"Powys Teaching Health Board",1,137,35,173,0,0,0,0
2020-08-28,"Velindre University NHS Trust",0,17,13,30,0,0,0,0
2020-08-28,"Wales",312,7069,1490,8871,3,125,122,250
2020-08-29,"Betsi Cadwaladr University Health Board",79,1553,275,1907,1,25,23,49
2020-08-29,"Hywel Dda University Health Board",18,809,236,1063,1,16,15,32
2020-08-29,"Abertawe Bro Morgannwg University Health Board",7,1037,161,1205,0,12,17,29
2020-08-29,"Cardiff and Vale University Health Board",85,1082,372,1539,0,43,36,79
2020-08-29,"Cwm Taf University Health Board",31,1191,113,1335,1,23,3,27
2020-08-29,"Aneurin Bevan University Health Board",22,1160,438,1620,0,7,25,32
2020-08-29,"Powys Teaching Health Board",2,134,37,173,0,0,0,0
2020-08-29,"Velindre University NHS Trust",0,20,10,30,0,0,0,0
2020-08-29,"Wales",244,6986,1642,8872,3,126,119,248
2020-08-30,"Betsi Cadwaladr University Health Board",74,1555,278,1907,1,27,21,49
2020-08-30,"Hywel Dda University Health Board",17,836,206,1059,1,18,13,32
2020-08-30,"Abertawe Bro Morgannwg University Health Board",9,1061,151,1221,1,12,16,29
2020-08-30,"Cardiff and Vale University Health Board",72,1117,350,1539,2,40,37,79
2020-08-30,"Cwm Taf University Health Board",27,1168,140,1335,0,22,5,27
2020-08-30,"Aneurin Bevan University Health Board",48,1143,429,1620,4,7,21,32
2020-08-30,"Powys Teaching Health Board",2,134,37,173,0,0,0,0
2020-08-30,"Velindre University NHS Trust",0,23,7,30,0,0,0,0
2020-08-30,"Wales",249,7037,1598,8884,9,126,113,248
2020-08-31,"Betsi Cadwaladr University Health Board",73,1575,266,1914,0,26,23,49
2020-08-31,"Hywel Dda University Health Board",17,861,181,1059,0,19,12,31
2020-08-31,"Abertawe Bro Morgannwg University Health Board",7,1095,159,1261,3,12,14,29
2020-08-31,"Cardiff and Vale University Health Board",79,1115,345,1539,2,41,36,79
2020-08-31,"Cwm Taf University Health Board",25,1221,89,1335,0,19,8,27
2020-08-31,"Aneurin Bevan University Health Board",51,1168,401,1620,5,7,20,32
2020-08-31,"Powys Teaching Health Board",2,138,33,173,0,0,0,0
2020-08-31,"Velindre University NHS Trust",0,23,7,30,0,0,0,0
2020-08-31,"Wales",254,7196,1481,8931,10,124,113,247
2020-09-01,"Betsi Cadwaladr University Health Board",71,1600,247,1918,1,24,25,50
2020-09-01,"Hywel Dda University Health Board",11,880,172,1063,0,20,11,31
2020-09-01,"Abertawe Bro Morgannwg University Health Board",9,1095,157,1261,7,9,13,29
2020-09-01,"Cardiff and Vale University Health Board",65,1181,293,1539,1,43,35,79
2020-09-01,"Cwm Taf University Health Board",38,1217,79,1334,0,20,7,27
2020-09-01,"Aneurin Bevan University Health Board",55,1215,350,1620,5,10,17,32
2020-09-01,"Powys Teaching Health Board",2,137,34,173,0,0,0,0
2020-09-01,"Velindre University NHS Trust",0,19,11,30,0,0,0,0
2020-09-01,"Wales",251,7344,1343,8938,14,126,108,248
2020-09-02,"Betsi Cadwaladr University Health Board",75,1599,245,1919,1,27,22,50
2020-09-02,"Hywel Dda University Health Board",10,879,177,1066,3,9,19,31
2020-09-02,"Abertawe Bro Morgannwg University Health Board",14,1107,140,1261,4,11,14,29
2020-09-02,"Cardiff and Vale University Health Board",70,1180,289,1539,1,43,35,79
2020-09-02,"Cwm Taf University Health Board",34,1207,96,1337,0,21,6,27
2020-09-02,"Aneurin Bevan University Health Board",72,1210,338,1620,5,8,19,32
2020-09-02,"Powys Teaching Health Board",2,136,35,173,0,0,0,0
2020-09-02,"Velindre University NHS Trust",0,17,13,30,0,0,0,0
2020-09-02,"Wales",277,7335,1333,8945,14,119,115,248
2020-09-03,"Betsi Cadwaladr University Health Board",71,1504,344,1919,0,21,29,50
2020-09-03,"Hywel Dda University Health Board",16,868,181,1065,0,14,17,31
2020-09-03,"Abertawe Bro Morgannwg University Health Board",5,1143,131,1279,3,12,14,29
2020-09-03,"Cardiff and Vale University Health Board",101,1162,276,1539,6,36,37,79
2020-09-03,"Cwm Taf University Health Board",32,1188,117,1337,0,21,6,27
2020-09-03,"Aneurin Bevan University Health Board",55,1229,336,1620,2,14,16,32
2020-09-03,"Powys Teaching Health Board",2,139,32,173,0,0,0,0
2020-09-03,"Velindre University NHS Trust",0,18,12,30,0,0,0,0
2020-09-03,"Wales",282,7251,1429,8962,11,118,119,248
2020-09-04,"Betsi Cadwaladr University Health Board",66,1515,339,1920,0,27,23,50
2020-09-04,"Hywel Dda University Health Board",6,872,187,1065,0,22,9,31
2020-09-04,"Abertawe Bro Morgannwg University Health Board",8,1122,149,1279,3,15,11,29
2020-09-04,"Cardiff and Vale University Health Board",76,1160,303,1539,1,47,31,79
2020-09-04,"Cwm Taf University Health Board",38,1200,108,1346,0,18,9,27
2020-09-04,"Aneurin Bevan University Health Board",42,1218,360,1620,4,11,17,32
2020-09-04,"Powys Teaching Health Board",2,139,32,173,0,0,0,0
2020-09-04,"Velindre University NHS Trust",0,18,12,30,0,0,0,0
2020-09-04,"Wales",238,7244,1490,8972,8,140,100,248
2020-09-05,"Betsi Cadwaladr University Health Board",68,1558,260,1886,1,25,24,50
2020-09-05,"Hywel Dda University Health Board",14,869,182,1065,1,22,8,31
2020-09-05,"Abertawe Bro Morgannwg University Health Board",13,1126,140,1279,3,13,13,29
2020-09-05,"Cardiff and Vale University Health Board",67,1139,333,1539,1,47,31,79
2020-09-05,"Cwm Taf University Health Board",25,1182,136,1343,0,21,6,27
2020-09-05,"Aneurin Bevan University Health Board",32,1211,377,1620,4,14,14,32
2020-09-05,"Powys Teaching Health Board",3,140,30,173,0,0,0,0
2020-09-05,"Velindre University NHS Trust",0,21,9,30,0,0,0,0
2020-09-05,"Wales",222,7246,1467,8935,10,142,96,248
2020-09-06,"Betsi Cadwaladr University Health Board",70,1607,226,1903,0,27,23,50
2020-09-06,"Hywel Dda University Health Board",15,866,184,1065,0,21,10,31
2020-09-06,"Abertawe Bro Morgannwg University Health Board",14,1124,141,1279,3,14,12,29
2020-09-06,"Cardiff and Vale University Health Board",67,1135,337,1539,2,47,30,79
2020-09-06,"Cwm Taf University Health Board",31,1181,129,1341,0,20,7,27
2020-09-06,"Aneurin Bevan University Health Board",59,1194,367,1620,5,10,17,32
2020-09-06,"Powys Teaching Health Board",3,141,29,173,0,0,0,0
2020-09-06,"Velindre University NHS Trust",0,21,9,30,0,0,0,0
2020-09-06,"Wales",259,7269,1422,8950,10,139,99,248
2020-09-07,"Betsi Cadwaladr University Health Board",81,1591,236,1908,0,25,25,50
2020-09-07,"Hywel Dda University Health Board",14,892,167,1073,0,21,10,31
2020-09-07,"Abertawe Bro Morgannwg University Health Board",15,1148,99,1262,3,17,9,29
2020-09-07,"Cardiff and Vale University Health Board",65,1188,286,1539,2,42,35,79
2020-09-07,"Cwm Taf University Health Board",39,1201,95,1335,0,20,7,27
2020-09-07,"Aneurin Bevan University Health Board",54,1222,344,1620,4,11,17,32
2020-09-07,"Powys Teaching Health Board",3,139,31,173,0,0,0,0
2020-09-07,"Velindre University NHS Trust",0,21,9,30,0,0,0,0
2020-09-07,"Wales",271,7402,1267,8940,9,136,103,248
2020-09-08,"Betsi Cadwaladr University Health Board",74,1577,257,1908,2,28,20,50
2020-09-08,"Hywel Dda University Health Board",17,907,150,1074,0,21,10,31
2020-09-08,"Abertawe Bro Morgannwg University Health Board",17,1150,95,1262,2,17,10,29
2020-09-08,"Cardiff and Vale University Health Board",75,1178,286,1539,2,39,38,79
2020-09-08,"Cwm Taf University Health Board",33,1227,78,1338,1,19,7,27
2020-09-08,"Aneurin Bevan University Health Board",21,1226,373,1620,2,13,17,32
2020-09-08,"Powys Teaching Health Board",3,139,31,173,0,0,0,0
2020-09-08,"Velindre University NHS Trust",0,18,12,30,0,0,0,0
2020-09-08,"Wales",240,7422,1282,8944,9,137,102,248
2020-09-09,"Betsi Cadwaladr University Health Board",75,1606,229,1910,0,31,18,49
2020-09-09,"Hywel Dda University Health Board",21,899,107,1027,0,22,9,31
2020-09-09,"Abertawe Bro Morgannwg University Health Board",12,1155,95,1262,3,16,10,29
2020-09-09,"Cardiff and Vale University Health Board",80,1189,270,1539,2,40,37,79
2020-09-09,"Cwm Taf University Health Board",33,1208,143,1384,1,19,7,27
2020-09-09,"Aneurin Bevan University Health Board",60,1177,383,1620,2,11,19,32
2020-09-09,"Powys Teaching Health Board",3,142,28,173,0,0,0,0
2020-09-09,"Velindre University NHS Trust",0,21,9,30,0,0,0,0
2020-09-09,"Wales",284,7397,1264,8945,8,139,100,247
2020-09-10,"Betsi Cadwaladr University Health Board",100,1574,231,1905,0,29,20,49
2020-09-10,"Hywel Dda University Health Board",7,901,122,1030,1,24,6,31
2020-09-10,"Abertawe Bro Morgannwg University Health Board",8,1159,95,1262,1,17,11,29
2020-09-10,"Cardiff and Vale University Health Board",65,1185,289,1539,2,43,34,79
2020-09-10,"Cwm Taf University Health Board",36,1206,143,1385,1,19,7,27
2020-09-10,"Aneurin Bevan University Health Board",28,1231,361,1620,2,12,18,32
2020-09-10,"Powys Teaching Health Board",4,138,31,173,0,0,0,0
2020-09-10,"Velindre University NHS Trust",0,23,7,30,0,0,0,0
2020-09-10,"Wales",248,7417,1279,8944,7,144,96,247
2020-09-11,"Betsi Cadwaladr University Health Board",106,1545,249,1900,1,24,24,49
2020-09-11,"Hywel Dda University Health Board",17,876,138,1031,1,20,10,31
2020-09-11,"Abertawe Bro Morgannwg University Health Board",22,1156,89,1267,0,18,11,29
2020-09-11,"Cardiff and Vale University Health Board",74,1164,301,1539,1,45,33,79
2020-09-11,"Cwm Taf University Health Board",32,1204,143,1379,1,18,8,27
2020-09-11,"Aneurin Bevan University Health Board",37,1234,359,1630,3,9,20,32
2020-09-11,"Powys Teaching Health Board",3,139,31,173,0,0,0,0
2020-09-11,"Velindre University NHS Trust",0,26,4,30,0,0,0,0
2020-09-11,"Wales",291,7344,1314,8949,7,134,106,247
2020-09-12,"Betsi Cadwaladr University Health Board",80,1570,250,1900,0,23,26,49
2020-09-12,"Hywel Dda University Health Board",17,898,112,1027,1,18,13,32
2020-09-12,"Abertawe Bro Morgannwg University Health Board",24,1143,82,1249,0,17,12,29
2020-09-12,"Cardiff and Vale University Health Board",62,1133,344,1539,3,43,33,79
2020-09-12,"Cwm Taf University Health Board",32,1178,165,1375,1,17,9,27
2020-09-12,"Aneurin Bevan University Health Board",65,1185,380,1630,3,10,19,32
2020-09-12,"Powys Teaching Health Board",5,142,23,170,0,0,0,0
2020-09-12,"Velindre University NHS Trust",0,26,4,30,0,0,0,0
2020-09-12,"Wales",285,7275,1360,8920,8,128,112,248
2020-09-13,"Betsi Cadwaladr University Health Board",30,1633,230,1893,0,21,28,49
2020-09-13,"Hywel Dda University Health Board",11,933,85,1029,1,19,12,32
2020-09-13,"Abertawe Bro Morgannwg University Health Board",19,1148,85,1252,1,18,10,29
2020-09-13,"Cardiff and Vale University Health Board",49,1160,330,1539,1,45,33,79
2020-09-13,"Cwm Taf University Health Board",31,1181,163,1375,2,16,9,27
2020-09-13,"Aneurin Bevan University Health Board",73,1213,344,1630,6,9,17,32
2020-09-13,"Powys Teaching Health Board",5,144,21,170,0,0,0,0
2020-09-13,"Velindre University NHS Trust",0,25,5,30,0,0,0,0
2020-09-13,"Wales",218,7437,1263,8918,11,128,109,248
2020-09-14,"Betsi Cadwaladr University Health Board",74,1582,261,1917,1,19,29,49
2020-09-14,"Hywel Dda University Health Board",17,906,110,1033,1,17,14,32
2020-09-14,"Abertawe Bro Morgannwg University Health Board",13,1184,55,1252,1,18,10,29
2020-09-14,"Cardiff and Vale University Health Board",57,1205,277,1539,0,45,34,79
2020-09-14,"Cwm Taf University Health Board",27,1213,136,1376,2,16,9,27
2020-09-14,"Aneurin Bevan University Health Board",62,1235,333,1630,5,11,16,32
2020-09-14,"Powys Teaching Health Board",3,144,23,170,0,0,0,0
2020-09-14,"Velindre University NHS Trust",0,21,9,30,0,0,0,0
2020-09-14,"Wales",253,7490,1204,8947,10,126,112,248
2020-09-15,"Betsi Cadwaladr University Health Board",67,1572,269,1908,1,17,31,49
2020-09-15,"Hywel Dda University Health Board",14,917,110,1041,0,20,12,32
2020-09-15,"Abertawe Bro Morgannwg University Health Board",15,1161,76,1252,1,19,9,29
2020-09-15,"Cardiff and Vale University Health Board",64,1211,264,1539,1,48,30,79
2020-09-15,"Cwm Taf University Health Board",51,1215,111,1377,2,20,5,27
2020-09-15,"Aneurin Bevan University Health Board",46,1260,324,1630,1,16,15,32
2020-09-15,"Powys Teaching Health Board",3,142,25,170,0,0,0,0
2020-09-15,"Velindre University NHS Trust",0,24,6,30,0,0,0,0
2020-09-15,"Wales",260,7502,1185,8947,6,140,102,248
2020-09-16,"Betsi Cadwaladr University Health Board",95,1509,288,1892,1,23,25,49
2020-09-16,"Hywel Dda University Health Board",20,895,126,1041,0,19,13,32
2020-09-16,"Abertawe Bro Morgannwg University Health Board",16,1181,55,1252,3,15,11,29
2020-09-16,"Cardiff and Vale University Health Board",63,1196,280,1539,0,48,31,79
2020-09-16,"Cwm Taf University Health Board",49,1213,117,1379,1,20,6,27
2020-09-16,"Aneurin Bevan University Health Board",65,1216,349,1630,4,13,15,32
2020-09-16,"Powys Teaching Health Board",2,144,24,170,0,0,0,0
2020-09-16,"Velindre University NHS Trust",0,21,9,30,0,0,0,0
2020-09-16,"Wales",310,7375,1248,8933,9,138,101,248
2020-09-17,"Betsi Cadwaladr University Health Board",75,1529,289,1893,2,21,26,49
2020-09-17,"Hywel Dda University Health Board",10,902,129,1041,0,13,19,32
2020-09-17,"Abertawe Bro Morgannwg University Health Board",10,1189,53,1252,1,15,13,29
2020-09-17,"Cardiff and Vale University Health Board",76,1192,271,1539,0,42,37,79
2020-09-17,"Cwm Taf University Health Board",56,1218,107,1381,4,20,3,27
2020-09-17,"Aneurin Bevan University Health Board",48,1240,342,1630,4,11,17,32
2020-09-17,"Powys Teaching Health Board",2,143,25,170,0,0,0,0
2020-09-17,"Velindre University NHS Trust",0,21,9,30,0,0,0,0
2020-09-17,"Wales",277,7434,1225,8936,11,122,115,248
2020-09-18,"Betsi Cadwaladr University Health Board",72,1565,242,1879,1,28,20,49
2020-09-18,"Hywel Dda University Health Board",9,920,112,1041,0,11,21,32
2020-09-18,"Abertawe Bro Morgannwg University Health Board",7,1189,56,1252,1,17,11,29
2020-09-18,"Cardiff and Vale University Health Board",65,1217,257,1539,1,39,39,79
2020-09-18,"Cwm Taf University Health Board",71,1217,62,1350,8,18,2,28
2020-09-18,"Aneurin Bevan University Health Board",30,1211,389,1630,4,12,16,32
2020-09-18,"Powys Teaching Health Board",1,145,24,170,0,0,0,0
2020-09-18,"Velindre University NHS Trust",0,19,11,30,0,0,0,0
2020-09-18,"Wales",255,7483,1153,8891,15,125,109,249
2020-09-19,"Betsi Cadwaladr University Health Board",78,1552,275,1905,4,26,19,49
2020-09-19,"Hywel Dda University Health Board",10,906,125,1041,0,16,16,32
2020-09-19,"Abertawe Bro Morgannwg University Health Board",12,1141,100,1253,1,17,11,29
2020-09-19,"Cardiff and Vale University Health Board",54,1204,281,1539,0,39,40,79
2020-09-19,"Cwm Taf University Health Board",68,1200,68,1336,3,18,6,27
2020-09-19,"Aneurin Bevan University Health Board",32,1173,425,1630,1,11,20,32
2020-09-19,"Powys Teaching Health Board",1,149,20,170,0,0,0,0
2020-09-19,"Velindre University NHS Trust",0,16,14,30,0,0,0,0
2020-09-19,"Wales",255,7341,1308,8904,9,127,112,248
2020-09-20,"Betsi Cadwaladr University Health Board",94,1554,257,1905,4,27,18,49
2020-09-20,"Hywel Dda University Health Board",12,891,138,1041,0,17,15,32
2020-09-20,"Abertawe Bro Morgannwg University Health Board",19,1114,120,1253,0,15,14,29
2020-09-20,"Cardiff and Vale University Health Board",45,1199,295,1539,0,46,33,79
2020-09-20,"Cwm Taf University Health Board",67,1193,77,1337,6,15,6,27
2020-09-20,"Aneurin Bevan University Health Board",32,1173,425,1630,1,10,21,32
2020-09-20,"Powys Teaching Health Board",1,148,21,170,0,0,0,0
2020-09-20,"Velindre University NHS Trust",0,16,14,30,0,0,0,0
2020-09-20,"Wales",270,7288,1347,8905,11,130,107,248
2020-09-21,"Betsi Cadwaladr University Health Board",88,1602,206,1896,3,24,22,49
2020-09-21,"Hywel Dda University Health Board",15,930,96,1041,0,20,12,32
2020-09-21,"Abertawe Bro Morgannwg University Health Board",17,1136,100,1253,0,16,13,29
2020-09-21,"Cardiff and Vale University Health Board",73,1233,233,1539,2,45,32,79
2020-09-21,"Cwm Taf University Health Board",80,1159,88,1327,7,16,4,27
2020-09-21,"Aneurin Bevan University Health Board",51,1192,387,1630,4,11,17,32
2020-09-21,"Powys Teaching Health Board",1,148,21,170,0,0,0,0
2020-09-21,"Velindre University NHS Trust",1,15,14,30,0,0,0,0
2020-09-21,"Wales",326,7415,1145,8886,16,132,100,248
2020-09-22,"Betsi Cadwaladr University Health Board",108,1516,274,1898,4,20,25,49
2020-09-22,"Hywel Dda University Health Board",22,897,117,1036,1,13,18,32
2020-09-22,"Abertawe Bro Morgannwg University Health Board",13,1149,91,1253,1,17,11,29
2020-09-22,"Cardiff and Vale University Health Board",63,1219,257,1539,2,42,35,79
2020-09-22,"Cwm Taf University Health Board",76,1097,191,1364,7,16,12,35
2020-09-22,"Aneurin Bevan University Health Board",39,1214,377,1630,3,17,12,32
2020-09-22,"Powys Teaching Health Board",4,141,25,170,0,0,0,0
2020-09-22,"Velindre University NHS Trust",0,16,14,30,0,0,0,0
2020-09-22,"Wales",325,7249,1346,8920,18,125,113,256
2020-09-23,"Betsi Cadwaladr University Health Board",93,1561,244,1898,3,23,23,49
2020-09-23,"Hywel Dda University Health Board",20,901,121,1042,0,18,14,32
2020-09-23,"Abertawe Bro Morgannwg University Health Board",11,1178,64,1253,2,18,9,29
2020-09-23,"Cardiff and Vale University Health Board",65,1196,278,1539,1,39,39,79
2020-09-23,"Cwm Taf University Health Board",128,1129,76,1333,8,15,16,39
2020-09-23,"Aneurin Bevan University Health Board",71,1145,414,1630,7,13,12,32
2020-09-23,"Powys Teaching Health Board",4,147,19,170,0,0,0,0
2020-09-23,"Velindre University NHS Trust",0,15,15,30,0,0,0,0
2020-09-23,"Wales",392,7272,1231,8895,21,126,113,260
2020-09-24,"Betsi Cadwaladr University Health Board",89,1564,233,1886,4,24,21,49
2020-09-24,"Hywel Dda University Health Board",9,923,110,1042,0,18,14,32
2020-09-24,"Abertawe Bro Morgannwg University Health Board",11,1128,115,1254,1,18,10,29
2020-09-24,"Cardiff and Vale University Health Board",63,1211,265,1539,0,38,41,79
2020-09-24,"Cwm Taf University Health Board",98,1058,170,1326,10,13,16,39
2020-09-24,"Aneurin Bevan University Health Board",61,1166,403,1630,4,15,13,32
2020-09-24,"Powys Teaching Health Board",2,148,20,170,0,0,0,0
2020-09-24,"Velindre University NHS Trust",0,17,13,30,0,0,0,0
2020-09-24,"Wales",333,7215,1329,8877,19,126,115,260
2020-09-25,"Betsi Cadwaladr University Health Board",93,1554,257,1904,4,21,24,49
2020-09-25,"Hywel Dda University Health Board",16,910,112,1038,0,20,12,32
2020-09-25,"Abertawe Bro Morgannwg University Health Board",11,1146,97,1254,1,19,9,29
2020-09-25,"Cardiff and Vale University Health Board",76,1168,295,1539,2,33,44,79
2020-09-25,"Cwm Taf University Health Board",97,1142,88,1327,10,12,17,39
2020-09-25,"Aneurin Bevan University Health Board",83,1121,426,1630,2,18,12,32
2020-09-25,"Powys Teaching Health Board",1,150,19,170,0,0,0,0
2020-09-25,"Velindre University NHS Trust",0,20,10,30,0,0,0,0
2020-09-25,"Wales",377,7211,1304,8892,19,123,118,260
2020-09-26,"Betsi Cadwaladr University Health Board",93,1537,269,1899,5,26,18,49
2020-09-26,"Hywel Dda University Health Board",22,908,108,1038,0,20,12,32
2020-09-26,"Abertawe Bro Morgannwg University Health Board",11,1076,168,1255,1,19,9,29
2020-09-26,"Cardiff and Vale University Health Board",79,1118,342,1539,3,38,38,79
2020-09-26,"Cwm Taf University Health Board",95,1073,154,1322,9,12,14,35
2020-09-26,"Aneurin Bevan University Health Board",80,1120,430,1630,4,15,13,32
2020-09-26,"Powys Teaching Health Board",1,146,23,170,0,0,0,0
2020-09-26,"Velindre University NHS Trust",0,12,18,30,0,0,0,0
2020-09-26,"Wales",381,6990,1512,8883,22,130,104,256
2020-09-27,"Betsi Cadwaladr University Health Board",64,1577,258,1899,4,25,20,49
2020-09-27,"Hywel Dda University Health Board",12,936,90,1038,1,19,12,32
2020-09-27,"Abertawe Bro Morgannwg University Health Board",11,1112,132,1255,1,17,11,29
2020-09-27,"Cardiff and Vale University Health Board",69,1113,357,1539,4,35,40,79
2020-09-27,"Cwm Taf University Health Board",133,1102,114,1349,11,14,10,35
2020-09-27,"Aneurin Bevan University Health Board",138,1073,419,1630,5,12,15,32
2020-09-27,"Powys Teaching Health Board",2,145,23,170,0,0,0,0
2020-09-27,"Velindre University NHS Trust",0,12,18,30,0,0,0,0
2020-09-27,"Wales",429,7070,1411,8910,26,122,108,256
2020-09-28,"Betsi Cadwaladr University Health Board",54,1664,182,1900,4,25,20,49
2020-09-28,"Hywel Dda University Health Board",22,919,97,1038,0,20,12,32
2020-09-28,"Abertawe Bro Morgannwg University Health Board",13,1131,112,1256,1,15,13,29
2020-09-28,"Cardiff and Vale University Health Board",65,1168,306,1539,3,33,43,79
2020-09-28,"Cwm Taf University Health Board",204,936,181,1321,17,12,10,39
2020-09-28,"Aneurin Bevan University Health Board",117,1142,371,1630,5,15,12,32
2020-09-28,"Powys Teaching Health Board",3,144,23,170,0,0,0,0
2020-09-28,"Velindre University NHS Trust",0,12,18,30,0,0,0,0
2020-09-28,"Wales",478,7116,1290,8884,30,120,110,260
2020-09-29,"Betsi Cadwaladr University Health Board",54,1643,211,1908,5,26,18,49
2020-09-29,"Hywel Dda University Health Board",20,934,84,1038,1,22,9,32
2020-09-29,"Abertawe Bro Morgannwg University Health Board",16,1147,93,1256,3,15,11,29
2020-09-29,"Cardiff and Vale University Health Board",75,1200,264,1539,3,35,41,79
2020-09-29,"Cwm Taf University Health Board",214,996,120,1330,15,15,9,39
2020-09-29,"Aneurin Bevan University Health Board",134,1123,373,1630,7,15,10,32
2020-09-29,"Powys Teaching Health Board",3,142,25,170,0,0,0,0
2020-09-29,"Velindre University NHS Trust",0,16,14,30,0,0,0,0
2020-09-29,"Wales",516,7201,1184,8901,34,128,98,260
2020-09-30,"Betsi Cadwaladr University Health Board",58,1574,275,1907,4,22,23,49
2020-09-30,"Hywel Dda University Health Board",17,930,90,1037,1,22,9,32
2020-09-30,"Abertawe Bro Morgannwg University Health Board",12,1127,117,1256,4,15,10,29
2020-09-30,"Cardiff and Vale University Health Board",91,1181,267,1539,4,34,41,79
2020-09-30,"Cwm Taf University Health Board",156,1069,122,1347,11,18,10,39
2020-09-30,"Aneurin Bevan University Health Board",166,1099,365,1630,5,14,13,32
2020-09-30,"Powys Teaching Health Board",3,139,28,170,0,0,0,0
2020-09-30,"Velindre University NHS Trust",0,16,6,22,0,0,0,0
2020-09-30,"Wales",503,7135,1270,8908,29,125,106,260
2020-10-01,"Betsi Cadwaladr University Health Board",73,1548,272,1893,5,23,21,49
2020-10-01,"Hywel Dda University Health Board",18,908,111,1037,1,19,12,32
2020-10-01,"Abertawe Bro Morgannwg University Health Board",15,1119,122,1256,3,15,11,29
2020-10-01,"Cardiff and Vale University Health Board",97,1183,259,1539,6,37,36,79
2020-10-01,"Cwm Taf University Health Board",163,1081,138,1382,13,18,9,40
2020-10-01,"Aneurin Bevan University Health Board",155,1087,388,1630,4,15,13,32
2020-10-01,"Powys Teaching Health Board",3,144,23,170,0,0,0,0
2020-10-01,"Velindre University NHS Trust",0,17,5,22,0,0,0,0
2020-10-01,"Wales",524,7087,1318,8929,32,127,102,261
2020-10-02,"Betsi Cadwaladr University Health Board",65,1542,273,1880,6,23,20,49
2020-10-02,"Hywel Dda University Health Board",15,927,95,1037,1,19,12,32
2020-10-02,"Abertawe Bro Morgannwg University Health Board",17,1134,104,1255,2,19,8,29
2020-10-02,"Cardiff and Vale University Health Board",50,1203,286,1539,4,39,36,79
2020-10-02,"Cwm Taf University Health Board",172,1024,182,1378,10,17,12,39
2020-10-02,"Aneurin Bevan University Health Board",169,1106,359,1634,9,11,12,32
2020-10-02,"Powys Teaching Health Board",1,147,22,170,0,0,0,0
2020-10-02,"Velindre University NHS Trust",0,20,2,22,0,0,0,0
2020-10-02,"Wales",489,7103,1323,8915,32,128,100,260
2020-10-03,"Betsi Cadwaladr University Health Board",78,1539,257,1874,7,21,21,49
2020-10-03,"Hywel Dda University Health Board",16,947,74,1037,1,20,11,32
2020-10-03,"Abertawe Bro Morgannwg University Health Board",16,1085,151,1252,3,18,8,29
2020-10-03,"Cardiff and Vale University Health Board",60,1147,332,1539,4,38,37,79
2020-10-03,"Cwm Taf University Health Board",154,1001,207,1362,10,17,13,40
2020-10-03,"Aneurin Bevan University Health Board",113,1120,401,1634,5,13,14,32
2020-10-03,"Powys Teaching Health Board",4,147,18,169,0,0,0,0
2020-10-03,"Velindre University NHS Trust",1,16,5,22,0,0,0,0
2020-10-03,"Wales",442,7002,1445,8889,30,127,104,261
2020-10-04,"Betsi Cadwaladr University Health Board",85,1558,229,1872,6,22,21,49
2020-10-04,"Hywel Dda University Health Board",14,933,90,1037,1,18,13,32
2020-10-04,"Abertawe Bro Morgannwg University Health Board",13,1094,145,1252,3,18,8,29
2020-10-04,"Cardiff and Vale University Health Board",54,1176,309,1539,3,38,38,79
2020-10-04,"Cwm Taf University Health Board",164,991,207,1362,12,18,10,40
2020-10-04,"Aneurin Bevan University Health Board",177,1070,387,1634,5,15,12,32
2020-10-04,"Powys Teaching Health Board",3,148,18,169,0,0,0,0
2020-10-04,"Velindre University NHS Trust",0,13,9,22,0,0,0,0
2020-10-04,"Wales",510,6983,1394,8887,30,129,102,261
2020-10-05,"Betsi Cadwaladr University Health Board",67,1608,188,1863,6,24,19,49
2020-10-05,"Hywel Dda University Health Board",14,923,100,1037,2,19,11,32
2020-10-05,"Abertawe Bro Morgannwg University Health Board",27,1114,111,1252,3,18,8,29
2020-10-05,"Cardiff and Vale University Health Board",63,1224,252,1539,6,35,38,79
2020-10-05,"Cwm Taf University Health Board",165,1012,146,1323,11,14,14,39
2020-10-05,"Aneurin Bevan University Health Board",187,1088,359,1634,4,15,13,32
2020-10-05,"Powys Teaching Health Board",1,150,18,169,0,0,0,0
2020-10-05,"Velindre University NHS Trust",1,12,9,22,0,0,0,0
2020-10-05,"Wales",525,7131,1183,8839,32,125,103,260
2020-10-06,"Betsi Cadwaladr University Health Board",73,1554,261,1888,4,27,17,48
2020-10-06,"Hywel Dda University Health Board",15,941,82,1038,1,17,14,32
2020-10-06,"Abertawe Bro Morgannwg University Health Board",32,1130,93,1255,2,17,10,29
2020-10-06,"Cardiff and Vale University Health Board",65,1231,243,1539,5,37,37,79
2020-10-06,"Cwm Taf University Health Board",148,984,163,1295,9,15,15,39
2020-10-06,"Aneurin Bevan University Health Board",110,1163,361,1634,7,13,12,32
2020-10-06,"Powys Teaching Health Board",1,145,23,169,0,0,0,0
2020-10-06,"Velindre University NHS Trust",1,20,1,22,0,0,0,0
2020-10-06,"Wales",445,7168,1227,8840,28,126,105,259
2020-10-07,"Betsi Cadwaladr University Health Board",80,1594,225,1899,5,31,13,49
2020-10-07,"Hywel Dda University Health Board",14,918,107,1039,2,19,11,32
2020-10-07,"Abertawe Bro Morgannwg University Health Board",35,1140,80,1255,2,17,10,29
2020-10-07,"Cardiff and Vale University Health Board",85,1218,236,1539,3,41,35,79
2020-10-07,"Cwm Taf University Health Board",164,991,148,1303,9,14,16,39
2020-10-07,"Aneurin Bevan University Health Board",149,1092,393,1634,6,13,13,32
2020-10-07,"Powys Teaching Health Board",3,142,23,168,0,0,0,0
2020-10-07,"Velindre University NHS Trust",1,15,6,22,0,0,0,0
2020-10-07,"Wales",531,7110,1218,8859,27,135,98,260
2020-10-08,"Betsi Cadwaladr University Health Board",76,1589,230,1895,5,32,12,49
2020-10-08,"Hywel Dda University Health Board",13,913,113,1039,0,17,15,32
2020-10-08,"Abertawe Bro Morgannwg University Health Board",41,1134,79,1254,2,17,10,29
2020-10-08,"Cardiff and Vale University Health Board",83,1204,252,1539,2,41,36,79
2020-10-08,"Cwm Taf University Health Board",178,928,151,1257,9,13,17,39
2020-10-08,"Aneurin Bevan University Health Board",156,1101,377,1634,8,12,12,32
2020-10-08,"Powys Teaching Health Board",3,145,20,168,0,0,0,0
2020-10-08,"Velindre University NHS Trust",1,14,7,22,0,0,0,0
2020-10-08,"Wales",551,7028,1229,8808,26,132,102,260
2020-10-09,"Betsi Cadwaladr University Health Board",75,1591,254,1920,6,28,15,49
2020-10-09,"Hywel Dda University Health Board",10,902,127,1039,0,17,15,32
2020-10-09,"Abertawe Bro Morgannwg University Health Board",29,1102,142,1273,5,16,8,29
2020-10-09,"Cardiff and Vale University Health Board",82,1202,255,1539,5,39,35,79
2020-10-09,"Cwm Taf University Health Board",185,925,149,1259,9,14,17,40
2020-10-09,"Aneurin Bevan University Health Board",161,1111,362,1634,7,12,13,32
2020-10-09,"Powys Teaching Health Board",4,146,19,169,0,0,0,0
2020-10-09,"Velindre University NHS Trust",1,12,9,22,0,0,0,0
2020-10-09,"Wales",547,6991,1317,8855,32,126,103,261
2020-10-10,"Betsi Cadwaladr University Health Board",100,1554,256,1910,6,21,20,47
2020-10-10,"Hywel Dda University Health Board",21,914,100,1035,1,12,19,32
2020-10-10,"Abertawe Bro Morgannwg University Health Board",32,1172,69,1273,5,16,8,29
2020-10-10,"Cardiff and Vale University Health Board",79,1138,322,1539,2,44,33,79
2020-10-10,"Cwm Taf University Health Board",207,924,116,1247,9,14,17,40
2020-10-10,"Aneurin Bevan University Health Board",208,1021,405,1634,6,10,16,32
2020-10-10,"Powys Teaching Health Board",1,150,18,169,0,0,0,0
2020-10-10,"Velindre University NHS Trust",1,9,12,22,0,0,0,0
2020-10-10,"Wales",649,6882,1298,8829,29,117,113,259
2020-10-11,"Betsi Cadwaladr University Health Board",89,1559,266,1914,6,23,18,47
2020-10-11,"Hywel Dda University Health Board",13,929,97,1039,0,13,19,32
2020-10-11,"Abertawe Bro Morgannwg University Health Board",42,1058,174,1274,5,16,8,29
2020-10-11,"Cardiff and Vale University Health Board",75,1142,322,1539,2,42,35,79
2020-10-11,"Cwm Taf University Health Board",217,933,118,1268,9,15,15,39
2020-10-11,"Aneurin Bevan University Health Board",163,1079,392,1634,7,13,12,32
2020-10-11,"Powys Teaching Health Board",3,151,15,169,0,0,0,0
2020-10-11,"Velindre University NHS Trust",1,10,11,22,0,0,0,0
2020-10-11,"Wales",603,6861,1395,8859,29,122,107,258
2020-10-12,"Betsi Cadwaladr University Health Board",79,1621,215,1915,5,22,20,47
2020-10-12,"Hywel Dda University Health Board",19,897,115,1031,2,15,15,32
2020-10-12,"Abertawe Bro Morgannwg University Health Board",46,1077,151,1274,5,16,8,29
2020-10-12,"Cardiff and Vale University Health Board",88,1176,275,1539,2,45,32,79
2020-10-12,"Cwm Taf University Health Board",228,907,138,1273,8,15,16,39
2020-10-12,"Aneurin Bevan University Health Board",170,1111,353,1634,8,9,15,32
2020-10-12,"Powys Teaching Health Board",3,151,13,167,0,0,0,0
2020-10-12,"Velindre University NHS Trust",1,10,11,22,0,0,0,0
2020-10-12,"Wales",634,6950,1271,8855,30,122,106,258
2020-10-13,"Betsi Cadwaladr University Health Board",84,1596,233,1913,6,22,19,47
2020-10-13,"Hywel Dda University Health Board",21,934,76,1031,0,17,15,32
2020-10-13,"Abertawe Bro Morgannwg University Health Board",63,1070,145,1278,4,16,9,29
2020-10-13,"Cardiff and Vale University Health Board",85,1172,282,1539,3,46,30,79
2020-10-13,"Cwm Taf University Health Board",231,936,142,1309,6,15,18,39
2020-10-13,"Aneurin Bevan University Health Board",193,1081,360,1634,6,11,15,32
2020-10-13,"Powys Teaching Health Board",3,149,15,167,0,0,0,0
2020-10-13,"Velindre University NHS Trust",2,13,7,22,0,0,0,0
2020-10-13,"Wales",682,6951,1260,8893,25,127,106,258
2020-10-14,"Betsi Cadwaladr University Health Board",115,1521,271,1907,6,22,19,47
2020-10-14,"Hywel Dda University Health Board",20,946,65,1031,0,18,14,32
2020-10-14,"Abertawe Bro Morgannwg University Health Board",73,1050,155,1278,6,15,8,29
2020-10-14,"Cardiff and Vale University Health Board",93,1174,272,1539,3,44,32,79
2020-10-14,"Cwm Taf University Health Board",247,903,127,1277,7,14,18,39
2020-10-14,"Aneurin Bevan University Health Board",209,1041,384,1634,7,14,11,32
2020-10-14,"Powys Teaching Health Board",2,152,13,167,0,0,0,0
2020-10-14,"Velindre University NHS Trust",2,16,4,22,0,0,0,0
2020-10-14,"Wales",761,6803,1291,8855,29,127,102,258
2020-10-15,"Betsi Cadwaladr University Health Board",106,1514,287,1907,4,24,19,47
2020-10-15,"Hywel Dda University Health Board",24,903,104,1031,0,19,13,32
2020-10-15,"Abertawe Bro Morgannwg University Health Board",81,1023,175,1279,5,15,9,29
2020-10-15,"Cardiff and Vale University Health Board",95,1190,254,1539,3,41,35,79
2020-10-15,"Cwm Taf University Health Board",265,905,139,1309,7,9,23,39
2020-10-15,"Aneurin Bevan University Health Board",221,1029,384,1634,11,10,11,32
2020-10-15,"Powys Teaching Health Board",2,150,15,167,0,0,0,0
2020-10-15,"Velindre University NHS Trust",1,16,5,22,0,0,0,0
2020-10-15,"Wales",795,6730,1363,8888,30,118,110,258
2020-10-16,"Betsi Cadwaladr University Health Board",87,1517,322,1926,7,24,14,45
2020-10-16,"Hywel Dda University Health Board",26,881,124,1031,0,19,13,32
2020-10-16,"Abertawe Bro Morgannwg University Health Board",70,1042,171,1283,5,13,11,29
2020-10-16,"Cardiff and Vale University Health Board",101,1189,249,1539,4,43,32,79
2020-10-16,"Cwm Taf University Health Board",262,931,228,1421,7,15,17,39
2020-10-16,"Aneurin Bevan University Health Board",197,1046,388,1631,9,13,10,32
2020-10-16,"Powys Teaching Health Board",0,151,14,165,0,0,0,0
2020-10-16,"Velindre University NHS Trust",1,19,2,22,0,0,0,0
2020-10-16,"Wales",744,6776,1498,9018,32,127,97,256
2020-10-17,"Betsi Cadwaladr University Health Board",87,1502,337,1926,6,24,6,36
2020-10-17,"Hywel Dda University Health Board",27,921,85,1033,0,14,18,32
2020-10-17,"Abertawe Bro Morgannwg University Health Board",88,1046,149,1283,6,22,1,29
2020-10-17,"Cardiff and Vale University Health Board",97,1147,295,1539,5,42,32,79
2020-10-17,"Cwm Taf University Health Board",260,881,257,1398,7,16,16,39
2020-10-17,"Aneurin Bevan University Health Board",222,996,413,1631,11,13,8,32
2020-10-17,"Powys Teaching Health Board",1,146,15,162,0,0,0,0
2020-10-17,"Velindre University NHS Trust",2,16,4,22,0,0,0,0
2020-10-17,"Wales",784,6655,1555,8994,35,131,81,247
2020-10-18,"Betsi Cadwaladr University Health Board",102,1519,305,1926,6,22,13,41
2020-10-18,"Hywel Dda University Health Board",30,915,91,1036,1,15,16,32
2020-10-18,"Abertawe Bro Morgannwg University Health Board",104,1108,71,1283,7,10,12,29
2020-10-18,"Cardiff and Vale University Health Board",104,1132,303,1539,5,42,32,79
2020-10-18,"Cwm Taf University Health Board",258,925,200,1383,11,15,13,39
2020-10-18,"Aneurin Bevan University Health Board",216,1024,391,1631,10,9,13,32
2020-10-18,"Powys Teaching Health Board",1,145,16,162,0,0,0,0
2020-10-18,"Velindre University NHS Trust",0,12,10,22,0,0,0,0
2020-10-18,"Wales",815,6780,1387,8982,40,113,99,252
2020-10-19,"Betsi Cadwaladr University Health Board",119,1540,205,1864,6,22,14,42
2020-10-19,"Hywel Dda University Health Board",30,880,132,1042,0,15,14,29
2020-10-19,"Abertawe Bro Morgannwg University Health Board",100,977,207,1284,7,30,17,54
2020-10-19,"Cardiff and Vale University Health Board",87,1241,211,1539,5,33,51,89
2020-10-19,"Cwm Taf University Health Board",247,1000,200,1447,15,15,9,39
2020-10-19,"Aneurin Bevan University Health Board",233,1039,359,1631,10,9,14,33
2020-10-19,"Powys Teaching Health Board",1,143,23,167,0,0,0,0
2020-10-19,"Velindre University NHS Trust",3,10,9,22,0,0,0,0
2020-10-19,"Wales",820,6830,1346,8996,43,124,119,286
2020-10-20,"Betsi Cadwaladr University Health Board",140,1509,214,1863,7,18,18,43
2020-10-20,"Hywel Dda University Health Board",32,895,115,1042,1,18,13,32
2020-10-20,"Abertawe Bro Morgannwg University Health Board",94,1011,183,1288,6,32,16,54
2020-10-20,"Cardiff and Vale University Health Board",90,1239,210,1539,4,34,51,89
2020-10-20,"Cwm Taf University Health Board",253,973,206,1432,17,14,8,39
2020-10-20,"Aneurin Bevan University Health Board",240,1012,379,1631,8,9,17,34
2020-10-20,"Powys Teaching Health Board",2,145,19,166,0,0,0,0
2020-10-20,"Velindre University NHS Trust",0,13,9,22,0,0,0,0
2020-10-20,"Wales",851,6797,1335,8983,43,125,123,291
2020-10-21,"Betsi Cadwaladr University Health Board",136,1555,185,1876,6,11,26,43
2020-10-21,"Hywel Dda University Health Board",43,915,84,1042,1,20,11,32
2020-10-21,"Abertawe Bro Morgannwg University Health Board",115,984,189,1288,7,32,15,54
2020-10-21,"Cardiff and Vale University Health Board",78,1232,229,1539,7,32,50,89
2020-10-21,"Cwm Taf University Health Board",276,929,218,1423,12,13,14,39
2020-10-21,"Aneurin Bevan University Health Board",263,996,372,1631,8,11,15,34
2020-10-21,"Powys Teaching Health Board",2,143,16,161,0,0,0,0
2020-10-21,"Velindre University NHS Trust",0,17,5,22,0,0,0,0
2020-10-21,"Wales",913,6771,1298,8982,41,119,131,291
2020-10-22,"Betsi Cadwaladr University Health Board",109,1595,173,1877,9,18,16,43
2020-10-22,"Hywel Dda University Health Board",36,905,56,997,0,18,14,32
2020-10-22,"Abertawe Bro Morgannwg University Health Board",99,983,208,1290,10,31,13,54
2020-10-22,"Cardiff and Vale University Health Board",104,1196,239,1539,7,31,51,89
2020-10-22,"Cwm Taf University Health Board",308,942,193,1443,13,13,13,39
2020-10-22,"Aneurin Bevan University Health Board",286,975,370,1631,8,15,12,35
2020-10-22,"Powys Teaching Health Board",2,146,13,161,0,0,0,0
2020-10-22,"Velindre University NHS Trust",0,19,3,22,0,0,0,0
2020-10-22,"Wales",944,6761,1255,8960,47,126,119,292
2020-10-23,"Betsi Cadwaladr University Health Board",102,1590,170,1862,8,18,17,43
2020-10-23,"Hywel Dda University Health Board",40,836,121,997,0,17,15,32
2020-10-23,"Abertawe Bro Morgannwg University Health Board",118,952,224,1294,9,31,14,54
2020-10-23,"Cardiff and Vale University Health Board",86,1191,262,1539,5,26,58,89
2020-10-23,"Cwm Taf University Health Board",313,926,255,1494,12,16,11,39
2020-10-23,"Aneurin Bevan University Health Board",263,998,369,1630,7,14,14,35
2020-10-23,"Powys Teaching Health Board",4,149,8,161,0,0,0,0
2020-10-23,"Velindre University NHS Trust",0,19,3,22,0,0,0,0
2020-10-23,"Wales",926,6661,1412,8999,41,122,129,292
2020-10-24,"Betsi Cadwaladr University Health Board",120,1531,202,1853,10,19,14,43
2020-10-24,"Hywel Dda University Health Board",41,820,136,997,2,19,11,32
2020-10-24,"Abertawe Bro Morgannwg University Health Board",117,927,250,1294,9,32,13,54
2020-10-24,"Cardiff and Vale University Health Board",93,1159,287,1539,3,28,58,89
2020-10-24,"Cwm Taf University Health Board",304,915,275,1494,12,15,12,39
2020-10-24,"Aneurin Bevan University Health Board",268,968,394,1630,9,11,15,35
2020-10-24,"Powys Teaching Health Board",4,149,8,161,0,0,0,0
2020-10-24,"Velindre University NHS Trust",0,19,3,22,0,0,0,0
2020-10-24,"Wales",947,6488,1555,8990,45,124,123,292
2020-10-25,"Betsi Cadwaladr University Health Board",112,1531,230,1873,9,19,15,43
2020-10-25,"Hywel Dda University Health Board",52,846,99,997,6,16,10,32
2020-10-25,"Abertawe Bro Morgannwg University Health Board",117,903,270,1290,12,24,18,54
2020-10-25,"Cardiff and Vale University Health Board",83,1180,276,1539,3,26,60,89
2020-10-25,"Cwm Taf University Health Board",326,943,203,1472,14,18,9,41
2020-10-25,"Aneurin Bevan University Health Board",257,979,394,1630,8,13,14,35
2020-10-25,"Powys Teaching Health Board",5,147,9,161,0,0,0,0
2020-10-25,"Velindre University NHS Trust",0,18,4,22,0,0,0,0
2020-10-25,"Wales",952,6547,1485,8984,52,116,126,294
2020-10-26,"Betsi Cadwaladr University Health Board",110,1567,197,1874,9,22,12,43
2020-10-26,"Hywel Dda University Health Board",61,834,99,994,3,20,9,32
2020-10-26,"Abertawe Bro Morgannwg University Health Board",138,940,213,1291,13,26,15,54
2020-10-26,"Cardiff and Vale University Health Board",99,1185,255,1539,4,26,59,89
2020-10-26,"Cwm Taf University Health Board",335,954,159,1448,13,19,9,41
2020-10-26,"Aneurin Bevan University Health Board",277,987,366,1630,9,9,17,35
2020-10-26,"Powys Teaching Health Board",5,147,6,158,0,0,0,0
2020-10-26,"Velindre University NHS Trust",0,14,8,22,0,0,0,0
2020-10-26,"Wales",1025,6628,1303,8956,51,122,121,294
2020-10-27,"Betsi Cadwaladr University Health Board",106,1578,238,1922,11,20,12,43
2020-10-27,"Hywel Dda University Health Board",64,832,101,997,2,22,8,32
2020-10-27,"Abertawe Bro Morgannwg University Health Board",138,957,200,1295,8,26,20,54
2020-10-27,"Cardiff and Vale University Health Board",119,1167,253,1539,3,27,59,89
2020-10-27,"Cwm Taf University Health Board",354,921,176,1451,13,19,11,43
2020-10-27,"Aneurin Bevan University Health Board",281,985,364,1630,8,14,13,35
2020-10-27,"Powys Teaching Health Board",3,146,9,158,0,0,0,0
2020-10-27,"Velindre University NHS Trust",0,19,3,22,0,0,0,0
2020-10-27,"Wales",1065,6605,1344,9014,45,128,123,296
2020-10-28,"Betsi Cadwaladr University Health Board",97,1534,297,1928,10,23,11,44
2020-10-28,"Hywel Dda University Health Board",55,822,113,990,2,22,8,32
2020-10-28,"Abertawe Bro Morgannwg University Health Board",141,942,210,1293,8,27,19,54
2020-10-28,"Cardiff and Vale University Health Board",97,1193,249,1539,2,26,61,89
2020-10-28,"Cwm Taf University Health Board",362,942,179,1483,18,15,10,43
2020-10-28,"Aneurin Bevan University Health Board",296,1001,337,1634,7,11,17,35
2020-10-28,"Powys Teaching Health Board",2,147,9,158,0,0,0,0
2020-10-28,"Velindre University NHS Trust",0,15,7,22,0,0,0,0
2020-10-28,"Wales",1050,6596,1401,9047,47,124,126,297
2020-10-29,"Betsi Cadwaladr University Health Board",104,1530,290,1924,9,20,15,44
2020-10-29,"Hywel Dda University Health Board",54,786,124,964,1,21,10,32
2020-10-29,"Abertawe Bro Morgannwg University Health Board",159,921,217,1297,8,39,3,50
2020-10-29,"Cardiff and Vale University Health Board",103,1153,283,1539,3,23,63,89
2020-10-29,"Cwm Taf University Health Board",363,942,187,1492,17,14,11,42
2020-10-29,"Aneurin Bevan University Health Board",365,896,373,1634,8,13,14,35
2020-10-29,"Powys Teaching Health Board",2,145,11,158,0,0,0,0
2020-10-29,"Velindre University NHS Trust",0,14,8,22,0,0,0,0
2020-10-29,"Wales",1150,6387,1493,9030,46,130,116,292
2020-10-30,"Betsi Cadwaladr University Health Board",127,1529,259,1915,12,21,11,44
2020-10-30,"Hywel Dda University Health Board",63,769,140,972,2,19,11,32
2020-10-30,"Abertawe Bro Morgannwg University Health Board",156,922,215,1293,9,21,20,50
2020-10-30,"Cardiff and Vale University Health Board",111,1130,298,1539,4,27,58,89
2020-10-30,"Cwm Taf University Health Board",371,927,176,1474,21,13,7,41
2020-10-30,"Aneurin Bevan University Health Board",344,914,420,1678,9,13,13,35
2020-10-30,"Powys Teaching Health Board",0,141,17,158,0,0,0,0
2020-10-30,"Velindre University NHS Trust",0,14,8,22,0,0,0,0
2020-10-30,"Wales",1172,6346,1533,9051,57,114,120,291
2020-10-31,"Betsi Cadwaladr University Health Board",97,1524,293,1914,12,24,8,44
2020-10-31,"Hywel Dda University Health Board",61,767,137,965,3,19,10,32
2020-10-31,"Abertawe Bro Morgannwg University Health Board",163,910,204,1277,17,12,21,50
2020-10-31,"Cardiff and Vale University Health Board",100,1103,336,1539,6,28,55,89
2020-10-31,"Cwm Taf University Health Board",398,890,189,1477,16,11,15,42
2020-10-31,"Aneurin Bevan University Health Board",333,918,427,1678,12,7,16,35
2020-10-31,"Powys Teaching Health Board",0,143,15,158,0,0,0,0
2020-10-31,"Velindre University NHS Trust",0,15,7,22,0,0,0,0
2020-10-31,"Wales",1152,6270,1608,9030,66,101,125,292
2020-11-01,"Betsi Cadwaladr University Health Board",98,1570,235,1903,9,26,9,44
2020-11-01,"Hywel Dda University Health Board",54,773,144,971,1,16,15,32
2020-11-01,"Abertawe Bro Morgannwg University Health Board",166,906,207,1279,11,19,20,50
2020-11-01,"Cardiff and Vale University Health Board",107,1091,341,1539,6,27,56,89
2020-11-01,"Cwm Taf University Health Board",398,877,191,1466,17,10,16,43
2020-11-01,"Aneurin Bevan University Health Board",371,901,406,1678,9,8,18,35
2020-11-01,"Powys Teaching Health Board",0,145,13,158,0,0,0,0
2020-11-01,"Velindre University NHS Trust",0,11,11,22,0,0,0,0
2020-11-01,"Wales",1194,6274,1548,9016,53,106,134,293
2020-11-02,"Betsi Cadwaladr University Health Board",104,1579,236,1919,9,25,9,43
2020-11-02,"Hywel Dda University Health Board",66,796,114,976,1,18,14,33
2020-11-02,"Abertawe Bro Morgannwg University Health Board",171,938,170,1279,11,16,23,50
2020-11-02,"Cardiff and Vale University Health Board",136,1126,277,1539,10,27,52,89
2020-11-02,"Cwm Taf University Health Board",402,874,190,1466,15,14,17,46
2020-11-02,"Aneurin Bevan University Health Board",339,966,373,1678,11,6,18,35
2020-11-02,"Powys Teaching Health Board",0,146,12,158,0,0,0,0
2020-11-02,"Velindre University NHS Trust",0,9,13,22,0,0,0,0
2020-11-02,"Wales",1218,6434,1385,9037,57,106,133,296
2020-11-03,"Betsi Cadwaladr University Health Board",105,1582,224,1911,10,26,6,42
2020-11-03,"Hywel Dda University Health Board",79,795,106,980,1,16,15,32
2020-11-03,"Abertawe Bro Morgannwg University Health Board",184,908,198,1290,8,23,19,50
2020-11-03,"Cardiff and Vale University Health Board",133,1121,314,1568,9,27,53,89
2020-11-03,"Cwm Taf University Health Board",430,874,182,1486,16,10,19,45
2020-11-03,"Aneurin Bevan University Health Board",357,941,380,1678,10,7,18,35
2020-11-03,"Powys Teaching Health Board",2,141,15,158,0,0,0,0
2020-11-03,"Velindre University NHS Trust",0,11,11,22,0,0,0,0
2020-11-03,"Wales",1290,6373,1430,9093,54,109,130,293
2020-11-04,"Betsi Cadwaladr University Health Board",158,1497,269,1924,8,25,10,43
2020-11-04,"Hywel Dda University Health Board",73,812,102,987,1,16,15,32
2020-11-04,"Abertawe Bro Morgannwg University Health Board",209,930,148,1287,11,22,17,50
2020-11-04,"Cardiff and Vale University Health Board",138,1112,318,1568,9,31,49,89
2020-11-04,"Cwm Taf University Health Board",422,852,216,1490,21,11,13,45
2020-11-04,"Aneurin Bevan University Health Board",396,891,391,1678,10,8,17,35
2020-11-04,"Powys Teaching Health Board",2,142,14,158,0,0,0,0
2020-11-04,"Velindre University NHS Trust",0,11,11,22,0,0,0,0
2020-11-04,"Wales",1398,6247,1469,9114,60,113,121,294
2020-11-05,"Betsi Cadwaladr University Health Board",134,1522,261,1917,7,23,14,44
2020-11-05,"Hywel Dda University Health Board",71,807,107,985,2,12,18,32
2020-11-05,"Abertawe Bro Morgannwg University Health Board",196,898,194,1288,13,21,16,50
2020-11-05,"Cardiff and Vale University Health Board",147,1094,327,1568,7,30,52,89
2020-11-05,"Cwm Taf University Health Board",424,815,178,1417,21,12,10,43
2020-11-05,"Aneurin Bevan University Health Board",331,944,403,1678,10,7,18,35
2020-11-05,"Powys Teaching Health Board",2,146,10,158,0,0,0,0
2020-11-05,"Velindre University NHS Trust",0,11,11,22,0,0,0,0
2020-11-05,"Wales",1305,6237,1491,9033,60,105,128,293
2020-11-06,"Betsi Cadwaladr University Health Board",130,1488,283,1901,11,24,9,44
2020-11-06,"Hywel Dda University Health Board",65,801,114,980,1,18,13,32
2020-11-06,"Abertawe Bro Morgannwg University Health Board",198,885,205,1288,11,26,13,50
2020-11-06,"Cardiff and Vale University Health Board",159,1083,326,1568,9,33,47,89
2020-11-06,"Cwm Taf University Health Board",472,766,121,1359,21,10,12,43
2020-11-06,"Aneurin Bevan University Health Board",365,886,427,1678,13,6,16,35
2020-11-06,"Powys Teaching Health Board",5,134,19,158,0,0,0,0
2020-11-06,"Velindre University NHS Trust",0,14,8,22,0,0,0,0
2020-11-06,"Wales",1394,6057,1503,8954,66,117,110,293
2020-11-07,"Betsi Cadwaladr University Health Board",150,1481,288,1919,11,21,10,42
2020-11-07,"Hywel Dda University Health Board",81,792,106,979,1,17,14,32
2020-11-07,"Abertawe Bro Morgannwg University Health Board",207,815,271,1293,10,26,14,50
2020-11-07,"Cardiff and Vale University Health Board",159,1053,356,1568,9,35,48,92
2020-11-07,"Cwm Taf University Health Board",439,749,141,1329,20,11,12,43
2020-11-07,"Aneurin Bevan University Health Board",374,837,467,1678,10,7,18,35
2020-11-07,"Powys Teaching Health Board",6,137,15,158,0,0,0,0
2020-11-07,"Velindre University NHS Trust",0,15,7,22,0,0,0,0
2020-11-07,"Wales",1416,5879,1651,8946,61,117,116,294
2020-11-08,"Betsi Cadwaladr University Health Board",139,1456,316,1911,10,25,7,42
2020-11-08,"Hywel Dda University Health Board",96,761,135,992,1,20,11,32
2020-11-08,"Abertawe Bro Morgannwg University Health Board",215,837,236,1288,10,25,15,50
2020-11-08,"Cardiff and Vale University Health Board",142,1071,355,1568,10,31,51,92
2020-11-08,"Cwm Taf University Health Board",453,788,99,1340,21,11,9,41
2020-11-08,"Aneurin Bevan University Health Board",375,853,450,1678,11,4,20,35
2020-11-08,"Powys Teaching Health Board",7,135,16,158,0,0,0,0
2020-11-08,"Velindre University NHS Trust",0,13,9,22,0,0,0,0
2020-11-08,"Wales",1427,5914,1616,8957,63,116,113,292
2020-11-09,"Betsi Cadwaladr University Health Board",157,1498,252,1907,11,21,11,43
2020-11-09,"Hywel Dda University Health Board",105,776,102,983,2,20,10,32
2020-11-09,"Abertawe Bro Morgannwg University Health Board",220,871,196,1287,14,22,14,50
2020-11-09,"Cardiff and Vale University Health Board",153,1099,329,1581,13,32,50,95
2020-11-09,"Cwm Taf University Health Board",456,800,69,1325,22,11,8,41
2020-11-09,"Aneurin Bevan University Health Board",311,935,432,1678,12,4,19,35
2020-11-09,"Powys Teaching Health Board",8,134,16,158,0,0,0,0
2020-11-09,"Velindre University NHS Trust",0,13,9,22,0,0,0,0
2020-11-09,"Wales",1410,6126,1405,8941,74,110,112,296
2020-11-10,"Betsi Cadwaladr University Health Board",162,1512,252,1926,9,22,12,43
2020-11-10,"Hywel Dda University Health Board",105,779,113,997,2,19,11,32
2020-11-10,"Abertawe Bro Morgannwg University Health Board",222,868,197,1287,15,21,14,50
2020-11-10,"Cardiff and Vale University Health Board",163,1110,346,1619,11,33,52,96
2020-11-10,"Cwm Taf University Health Board",455,792,80,1327,19,12,10,41
2020-11-10,"Aneurin Bevan University Health Board",347,882,449,1678,12,7,16,35
2020-11-10,"Powys Teaching Health Board",7,139,12,158,0,0,0,0
2020-11-10,"Velindre University NHS Trust",0,13,9,22,0,0,0,0
2020-11-10,"Wales",1461,6095,1458,9014,68,114,115,297
2020-11-11,"Betsi Cadwaladr University Health Board",132,1504,288,1924,7,27,9,43
2020-11-11,"Hywel Dda University Health Board",103,749,134,986,1,20,11,32
2020-11-11,"Abertawe Bro Morgannwg University Health Board",231,854,202,1287,13,20,17,50
2020-11-11,"Cardiff and Vale University Health Board",152,1118,349,1619,10,34,51,95
2020-11-11,"Cwm Taf University Health Board",455,789,94,1338,18,11,12,41
2020-11-11,"Aneurin Bevan University Health Board",398,825,455,1678,10,7,18,35
2020-11-11,"Powys Teaching Health Board",6,140,12,158,0,0,0,0
2020-11-11,"Velindre University NHS Trust",0,14,8,22,0,0,0,0
2020-11-11,"Wales",1477,5993,1542,9012,59,119,118,296
2020-11-12,"Betsi Cadwaladr University Health Board",160,1512,270,1942,6,26,10,42
2020-11-12,"Hywel Dda University Health Board",107,733,163,1003,1,16,15,32
2020-11-12,"Abertawe Bro Morgannwg University Health Board",208,865,219,1292,14,19,19,52
2020-11-12,"Cardiff and Vale University Health Board",160,1120,339,1619,10,37,48,95
2020-11-12,"Cwm Taf University Health Board",451,771,118,1340,21,9,13,43
2020-11-12,"Aneurin Bevan University Health Board",388,810,480,1678,7,11,17,35
2020-11-12,"Powys Teaching Health Board",6,140,12,158,0,0,0,0
2020-11-12,"Velindre University NHS Trust",0,12,10,22,0,0,0,0
2020-11-12,"Wales",1480,5963,1611,9054,59,118,122,299
2020-11-13,"Betsi Cadwaladr University Health Board",175,1471,299,1945,6,23,14,43
2020-11-13,"Hywel Dda University Health Board",101,767,132,1000,1,16,12,29
2020-11-13,"Abertawe Bro Morgannwg University Health Board",236,879,185,1300,14,23,7,44
2020-11-13,"Cardiff and Vale University Health Board",157,1122,340,1619,13,26,48,87
2020-11-13,"Cwm Taf University Health Board",429,745,172,1346,22,9,12,43
2020-11-13,"Aneurin Bevan University Health Board",443,760,475,1678,11,7,17,35
2020-11-13,"Powys Teaching Health Board",8,121,29,158,0,0,0,0
2020-11-13,"Velindre University NHS Trust",0,14,8,22,0,0,0,0
2020-11-13,"Wales",1549,5879,1640,9068,67,104,110,281
2020-11-14,"Betsi Cadwaladr University Health Board",156,1484,303,1943,7,23,13,43
2020-11-14,"Hywel Dda University Health Board",101,766,129,996,4,12,16,32
2020-11-14,"Abertawe Bro Morgannwg University Health Board",249,808,247,1304,14,16,14,44
2020-11-14,"Cardiff and Vale University Health Board",165,1089,365,1619,13,20,54,87
2020-11-14,"Cwm Taf University Health Board",446,749,135,1330,19,7,17,43
2020-11-14,"Aneurin Bevan University Health Board",386,797,495,1678,15,4,16,35
2020-11-14,"Powys Teaching Health Board",12,117,29,158,0,0,0,0
2020-11-14,"Velindre University NHS Trust",0,17,5,22,0,0,0,0
2020-11-14,"Wales",1515,5827,1708,9050,72,82,130,284
2020-11-15,"Betsi Cadwaladr University Health Board",137,1563,264,1964,6,25,12,43
2020-11-15,"Hywel Dda University Health Board",90,769,137,996,2,18,9,29
2020-11-15,"Abertawe Bro Morgannwg University Health Board",264,825,210,1299,16,15,13,44
2020-11-15,"Cardiff and Vale University Health Board",153,1079,387,1619,11,24,52,87
2020-11-15,"Cwm Taf University Health Board",429,806,95,1330,19,8,12,39
2020-11-15,"Aneurin Bevan University Health Board",425,763,490,1678,9,9,17,35
2020-11-15,"Powys Teaching Health Board",15,115,28,158,0,0,0,0
2020-11-15,"Velindre University NHS Trust",0,17,5,22,0,0,0,0
2020-11-15,"Wales",1513,5937,1616,9066,63,99,115,277
2020-11-16,"Betsi Cadwaladr University Health Board",135,1570,267,1972,7,23,13,43
2020-11-16,"Hywel Dda University Health Board",120,706,170,996,3,17,9,29
2020-11-16,"Abertawe Bro Morgannwg University Health Board",279,796,229,1304,15,13,16,44
2020-11-16,"Cardiff and Vale University Health Board",158,1138,323,1619,7,26,54,87
2020-11-16,"Cwm Taf University Health Board",437,801,104,1342,16,6,17,39
2020-11-16,"Aneurin Bevan University Health Board",441,763,905,2109,10,7,10,27
2020-11-16,"Powys Teaching Health Board",14,117,27,158,0,0,0,0
2020-11-16,"Velindre University NHS Trust",0,16,6,22,0,0,0,0
2020-11-16,"Wales",1584,5907,2031,9522,58,92,119,269
2020-11-17,"Betsi Cadwaladr University Health Board",132,1558,276,1966,6,24,13,43
2020-11-17,"Hywel Dda University Health Board",126,761,134,1021,3,16,10,29
2020-11-17,"Abertawe Bro Morgannwg University Health Board",283,823,190,1296,16,16,12,44
2020-11-17,"Cardiff and Vale University Health Board",162,1115,342,1619,9,31,47,87
2020-11-17,"Cwm Taf University Health Board",426,795,135,1356,17,6,16,39
2020-11-17,"Aneurin Bevan University Health Board",447,827,873,2147,11,2,11,24
2020-11-17,"Powys Teaching Health Board",15,111,32,158,0,0,0,0
2020-11-17,"Velindre University NHS Trust",0,16,6,22,0,0,0,0
2020-11-17,"Wales",1591,6006,1988,9585,62,95,109,266
2020-11-18,"Betsi Cadwaladr University Health Board",159,1499,293,1951,4,26,13,43
2020-11-18,"Hywel Dda University Health Board",110,737,150,997,3,15,11,29
2020-11-18,"Abertawe Bro Morgannwg University Health Board",289,837,162,1288,17,18,9,44
2020-11-18,"Cardiff and Vale University Health Board",159,1150,310,1619,8,35,44,87
2020-11-18,"Cwm Taf University Health Board",434,806,113,1353,17,6,16,39
2020-11-18,"Aneurin Bevan University Health Board",436,858,853,2147,14,3,7,24
2020-11-18,"Powys Teaching Health Board",15,111,32,158,0,0,0,0
2020-11-18,"Velindre University NHS Trust",0,15,7,22,0,0,0,0
2020-11-18,"Wales",1602,6013,1920,9535,63,103,100,266
2020-11-19,"Betsi Cadwaladr University Health Board",145,1514,308,1967,3,25,15,43
2020-11-19,"Hywel Dda University Health Board",117,756,122,995,4,15,10,29
2020-11-19,"Abertawe Bro Morgannwg University Health Board",295,796,204,1295,18,18,8,44
2020-11-19,"Cardiff and Vale University Health Board",146,1165,308,1619,11,34,42,87
2020-11-19,"Cwm Taf University Health Board",432,806,118,1356,19,11,8,38
2020-11-19,"Aneurin Bevan University Health Board",423,881,843,2147,13,5,6,24
2020-11-19,"Powys Teaching Health Board",20,108,30,158,0,0,0,0
2020-11-19,"Velindre University NHS Trust",0,15,7,22,0,0,0,0
2020-11-19,"Wales",1578,6041,1940,9559,68,108,89,265
